Chiptime	ax(g)	ay(g)	az(g)	wx(deg/s)	wy(deg/s)	wz(deg/s)	AngleX(deg)	AngleY(deg)	AngleZ(deg)	T()	magx	magy	magz	lon	lat	Yaw	Speed	q1	q2	q3	q4
	0.605	0.667	-0.2969	-378.2349	187.6831	229.5532
	-0.062	0.1099	1.0269	-205.9937	-6.2256	5.3101
	0.1909	-1.2026	2.2388	-572.6929	193.6035	-118.8965
	0.1108	-0.6494	1.6396	282.2266	42.8467	65.4907
	0.2095	0.1294	0.7207	223.999	65.5518	-15.1978
	-0.0596	0.4097	0.0728	206.1768	16.4795	-33.1421
	-0.3345	0.5645	-0.6333	213.4399	-29.7241	-35.8276
	-0.0449	0.4834	-0.5571	-133.3618	-56.3354	155.7007
	0.3901	-0.0488	1.1245	-264.8315	7.6904	-7.2632
	0.4385	-0.2046	1.7627	-59.4482	-83.4961	-40.5273
	-0.0322	-0.4849	2.124	30.1514	13.1226	20.752
	0.5952	0.2607	0.9541	245.8496	71.0449	37.5977
	-0.4116	0.3003	-0.4014	128.54	23.1323	-109.2529
	-0.1079	0.3604	0.3188	-196.4111	12.9395	27.2827
	0.0635	0.2959	1.0254	-225.4639	157.3486	-21.6064
	-0.3774	-0.2881	1.7441	-95.2148	-102.9663	1.8311
	-0.2266	-0.0991	1.4082	93.3838	-56.3354	-26.8555
	-0.2524	0.1035	0.2012	185.1807	-127.1362	-18.0664
	0.7344	0.4844	0.8003	132.019	-147.0947	41.0156
	0.3501	0.0532	0.7241	-146.9727	71.3501	-26.9165
	0.1987	-0.1162	1.2383	-50.8423	48.4009	-23.2544
	-0.4468	-0.3169	1.3184	-128.6011	27.771	-49.9878
	0.186	0.1221	1.5752	145.3857	16.0522	-46.1426
	0.1118	0.4722	-0.04	135.9253	-42.4805	-48.3398
	0.019	0.3892	0.29	14.3433	48.645	29.8462
	0.1162	0.4629	0.772	-191.3452	73.1201	56.7017
	-0.2759	0.2534	1.5112	-4.6997	25.7568	-14.2822
	-0.0786	0.2871	1.2422	28.5034	-36.3159	-58.2886
	-0.1494	0.1816	0.6865	40.5884	-35.8887	-12.5732
	0.1704	0.4141	0.502	95.8862	-27.71	-9.1553
	-0.0771	0.1499	0.4712	-61.3403	-15.4419	-4.8218
	0.0879	0.229	1.0059	-22.8882	-29.1748	21.6064
	-0.0713	0.1738	1.2515	16.2964	-9.5825	-7.4463
	-0.0957	0.0698	1.5718	31.4331	-5.6152	-12.7563
	-0.0723	0.3379	0.4707	80.6274	2.1973	-35.4004
	-0.1611	0.4014	0.2178	7.8125	9.3384	14.2822
	0.0923	0.3115	0.8745	-228.6987	75.3174	72.4487
	-0.1084	0.2495	1.334	-49.6216	23.0103	42.1143
	-0.0327	0.1914	1.6719	61.4014	-16.3574	-8.8501
	0.1187	0.2202	0.916	414.3066	-18.1274	11.8408
	-0.3584	0.3525	-0.6035	8.667	-24.9023	-98.6938
	-0.3306	0.2686	0.187	6.1646	-54.5654	20.6299
	0.1631	0.5991	0.4126	-129.1504	-0.2441	138.7939
	-0.3765	0.3672	1.5054	-121.2769	-84.2896	-10.8643
	0.1982	0.7349	1.5801	92.5293	-8.3618	-14.2822
	-0.1113	0.4482	0.5161	220.5811	44.6777	53.5278
	0.3408	0.5776	-0.2866	132.7515	13.7939	52.2461
	-0.0093	0.5918	0.3311	20.5688	145.0806	120.4224
	0.248	0.6978	0.2026	14.6484	321.3501	130.8594
	-0.6079	0.5	0.7642	-65.0024	291.3208	59.5703
	-0.0444	0.4629	0.5088	-14.2822	285.1562	170.0439
	0.3174	0.9385	0.0063	24.8413	428.7109	151.3672
	-0.2427	0.7534	0.5977	92.1021	-213.1348	-51.3306
	-0.2134	0.7349	-0.4966	110.3516	-443.6646	-47.1191
	-0.2144	0.7456	-0.2764	-6.0425	-188.5376	-22.3999
	-0.0776	0.5977	-0.1099	-53.3447	-296.3257	-207.1533
	-0.2358	-0.0962	-0.3062	-190.918	-173.0347	-31.3721
	-0.7324	-0.6904	1.0791	-411.3159	154.8462	-91.6748
	-0.4937	-0.9536	1.082	-153.4424	-112.915	-241.9434
	-0.395	-0.9546	1.3252	-19.6533	47.8516	17.334
	-0.2144	-0.3076	1.0127	102.8442	-73.7305	48.9502
	-0.5474	-1.1572	0.5127	163.0859	36.6211	-149.292
	-0.3179	-0.6367	1.3237	-166.1987	547.9126	166.5039
	-0.4106	-0.0928	0.9688	27.5269	113.5254	188.4155
	-0.6826	0.3262	0.3726	278.5034	-168.396	57.9224
	0.4854	0.2393	-0.0635	-451.4771	0.3662	-24.231
	-0.2295	-0.7134	1.8799	-159.3018	-6.4087	-106.9336
	-0.3296	-0.6064	1.4092	86.9141	28.5645	-31.4941
	-0.3374	-0.1904	0.5894	297.6074	-14.2212	6.5918
	-0.2749	-0.0518	0.1675	103.4546	-174.8047	28.3813
	-0.1958	0.041	1.3472	-206.2378	138.1836	138.1836
	-0.0669	0.0664	1.312	47.0581	16.0522	22.0337
	-0.1353	-0.356	0.9639	106.8115	103.7598	159.8511
	-0.0723	0.3428	0.6177	60.1807	25.7568	71.9604
	-0.2461	0.3984	0.8066	99.5483	-16.4185	115.6616
	0.1313	0.5898	0.751	101.0132	-13.1226	124.2065
	0.2349	0.4097	0.4858	175.0488	-37.9639	133.728
	0.7075	0.4458	-0.3052	272.583	-174.0112	166.626
	0.8901	0.3247	-1.353	191.6504	-348.0225	76.1719
	0.2437	0.2192	-0.8379	-28.8086	-44.1895	-37.0483
	0.3374	0.3784	-0.9346	-33.2642	-51.2695	-5.3101
	0.1997	0.3662	-0.8647	-13.4888	-115.2954	11.5356
	0.0239	0.334	-0.9707	-36.7432	-367.981	-24.1699
	-0.5322	0.5469	-0.5767	-7.1411	-137.5732	54.1382
	-0.0015	0.708	-0.1919	-217.4683	111.2061	62.1948
	-0.5942	0.6333	-0.1875	266.9067	-218.2617	-132.1411
	-0.5806	0.5269	-0.1387	1.5869	-29.7852	67.1997
	-0.5103	0.5503	-0.627	-107.7881	68.5425	79.895
	-0.2271	0.7349	-0.2812	-104.8584	-23.8037	109.1919
	0.0449	0.7812	0.1982	-114.7461	80.2612	79.1626
	-0.0063	0.7314	-0.0103	-93.3838	9.0942	69.5801
	0.4111	0.7139	0.2456	-163.6963	124.8779	96.1914
	0.54	0.167	0.4146	-325.8667	153.2593	255.7983
	0.1797	-1.019	1.8667	-539.7339	240.1733	70.8618
	0.291	-0.9165	1.2017	195.4956	7.3853	261.8408
	0.1685	-0.4512	1.167	78.7354	48.8892	212.4634
	0.1948	-0.0415	0.916	206.2378	-126.4038	44.2505
	0.4966	0.4307	0.9907	201.6602	-12.6953	85.6323
	0.293	0.5508	0.584	163.9404	-283.3252	-151.8555
	0.1519	0.7466	0.0303	188.7817	-118.7134	-147.7051
	-0.1567	0.7637	-0.0596	79.6509	-65.4907	-122.9248
	-0.3369	0.688	-0.1885	47.7295	-112.3047	-122.8027
	-0.5884	0.5811	-0.3931	-13.916	-95.0928	-55.2979
	-0.4985	0.5928	0.0107	-111.4502	-42.9077	-9.1553
	-0.4077	0.5269	0.1621	-49.9268	-30.8228	-2.3193
	-0.4805	0.4321	-0.0059	-78.0029	-57.312	9.3994
	-0.3462	-0.0112	0.5093	-322.5098	-47.1191	179.8706
	0.2139	-0.5688	2.3379	-670.7153	199.1577	83.4351
	-0.0791	-0.2388	1.5967	-11.9019	-41.687	58.3496
	0.436	-0.457	0.7559	551.8799	-39.7339	168.5181
	-0.1729	0.1294	0.0181	342.8955	-68.6035	-48.1567
	-0.1338	0.6479	-1.563	526.7334	-173.0957	59.9976
	-0.4155	0.3257	-1.5986	-255.3711	30.7617	39.7339
	0.1113	-0.2354	0.0405	-537.1704	40.4663	202.6978
	0.9287	-0.2183	1.8564	-639.8315	365.6006	47.4243
	-0.8237	-0.8042	1.9258	278.1372	73.7915	77.3315
	0.2231	-0.1118	0.4614	452.3926	1.8921	170.2271
	-0.0464	0.188	-0.4731	448.0591	-189.5142	31.0669
	-0.2354	0.1875	-1.9434	419.2505	-238.8916	-40.5884
	-0.3311	0.2803	-1.0342	-79.9561	-37.2314	52.3682
	0.0044	0.5098	-0.5522	-66.1011	95.3369	15.9912
	-0.0625	0.1904	-1.7129	-238.4033	-223.6938	-79.5898
	-0.4365	0.2725	0.6313	-456.4209	34.6069	-87.4023
	-0.6709	0.4141	0.2026	52.6733	-114.7461	-140.3198
	-1.1807	0.0845	0.498	2.6245	24.7192	61.0962
	-0.3823	0.1172	0.0078	130.188	105.835	373.23
	1.5137	0.6821	-0.9854	223.6938	-47.6685	309.3872
	0.4067	0.457	-1.1538	-201.0498	-52.9175	-199.5239
	0.0664	0.3423	-0.4702	-203.8574	8.2397	-270.5688
	-0.6348	0.375	0.2744	-181.8848	22.522	-81.1768
	-1.1177	0.2959	0.5767	-49.5605	10.6812	14.7095
	-0.6152	0.1616	0.1807	138.0615	12.4512	254.8828
	1.3262	0.5259	-0.5146	192.1997	106.9336	338.623
	0.9829	0.7485	-1.6943	171.2646	-228.2715	-32.4097
	0.4238	0.2046	-0.7876	-313.2935	-30.6396	-238.3423
	-0.6646	0.1748	-0.1997	-127.1973	-190.3687	-135.6812
	-0.5469	0.2793	0.3096	-264.0991	-80.9937	-8.3008
	-0.3613	0.3335	0.8535	-193.7256	46.5088	151.3062
	-1.0498	-0.1646	1.5029	-80.8105	49.8657	177.9175
	0.7437	0.5278	0.3789	58.7769	47.4854	269.7144
	0.4238	0.5303	0.9053	-20.0195	113.5864	205.1392
	0.9341	0.5825	0.4771	231.3843	-149.353	61.6455
	0.4897	0.582	-0.4712	293.2739	-231.0791	-59.6924
	0.2422	0.3911	-1.0566	176.9409	-128.6011	-104.4312
	0.0693	0.208	-1.4111	-31.25	-52.063	-94.1162
	-0.0132	0.3306	-1.042	-118.6523	-71.228	-50.5371
	-0.3711	0.27	-0.73	-164.7339	-156.4941	5.7373
	-0.2842	0.4194	-0.0615	-152.8931	9.5825	-48.584
	0.2715	0.5928	0.5029	-286.8042	60.8521	73.9746
	-0.2378	0.6045	1.1401	-97.9004	-29.8462	68.5425
	-0.4971	0.0659	1.5942	248.3521	49.6216	65.0635
	-0.0542	0.1631	-0.4795	500.2441	-111.2671	17.7002
	-0.3252	0.3003	-1.0737	196.3501	31.311	-56.5796
	-0.4507	0.2241	-1.394	-182.0679	139.5264	16.2964
	-0.1392	0.0415	-0.5586	-425.7812	46.2646	116.6992
	0.4604	0.0801	0.6997	-491.8823	117.1875	126.0376
	-0.3545	-0.2812	1.9233	-226.3184	33.3252	-115.4175
	-0.4702	-0.4243	1.7412	248.5962	59.6924	139.4653
	0.1592	-0.0391	0.3008	428.2227	-55.7861	114.3188
	0.2549	-0.0479	-0.416	498.291	-151.123	44.9219
	-0.8086	-0.7368	-1.6919	475.4028	-434.1431	-211.6089
	-0.644	-0.3892	-1.0991	-105.4077	-51.1475	93.0176
	-1.1167	-0.4497	-1.7407	-47.2412	-42.4194	81.9092
	-0.1846	-0.3408	-0.0337	-457.5806	147.1558	312.0117
	0.3672	-0.1245	0.1021	-446.6553	145.752	257.4463
	0.9478	-0.4717	0.9277	-564.8193	224.4873	74.2188
	-0.3862	-1.1978	1.6748	-184.6924	102.7832	-125.4883
	0.1143	-0.6733	1.1333	96.4355	7.6904	32.1655
	-0.146	-0.7212	1.4521	214.2944	36.7432	42.9077
	-0.623	-0.6855	0.208	305.1758	11.6577	277.8931
	1.6421	0.5342	0.9448	-277.1606	369.2627	308.2275
	0.356	-0.2393	1.8345	255.8594	-162.2925	-346.1914
	-0.2275	-0.0195	0.5464	419.8608	-99.6704	-248.1079
	-1.2319	0.0186	0.1772	21.9727	37.7197	103.6377
	0.5625	0.3672	0.8696	-173.0957	332.4585	412.7808
	1.0151	0.7769	0.4155	125.9155	-117.3096	162.7808
	1.7349	0.5044	0.6914	-81.0547	109.8022	-332.2144
	-0.5166	-0.1812	0.8086	45.9595	-50.6592	-391.1743
	-0.4336	0.4434	-0.1816	-142.4561	-24.231	-35.2173
	-0.4351	-0.479	0.5259	-354.0649	-66.5894	-22.583
	-0.1807	-1.0239	1.3857	-382.5073	23.4985	3.479
	-0.2617	-0.9868	1.5991	-69.2139	20.752	-28.5034
	-0.2285	-0.811	0.647	156.4331	-26.3062	21.7896
	-0.6089	-0.9297	1.7295	-170.8984	129.2114	-32.8369
	0.0449	-1.8081	0.605	634.0942	25.2075	422.1191
	0.2461	-0.0234	0.0098	377.6855	-67.627	125.6104
	-0.2148	0.4678	-0.103	191.4673	-32.8369	90.8813
	0.4341	0.6895	-0.751	235.2295	106.5063	247.4976
	0.2148	0.7124	-1.125	50.1099	-107.1777	-39.4287
	0.0225	-0.147	-0.8525	-555.7861	101.8066	95.1538
	-0.2373	-0.6035	1.7256	-481.6895	420.6543	-149.0479
	-1.623	-1.4883	2.5293	184.2041	-93.8721	44.7388
	0.6963	-0.0039	0.0049	427.4902	-50.6592	328.6133
	0.7446	0.7109	-1.0801	44.0674	-162.4756	25.0244
	0.8447	0.5815	0.1323	-230.4688	166.9922	-77.8198
	0.5957	-0.6328	0.4238	-425.293	68.9087	-277.4048
	-0.3267	-1.6348	1.4414	-380.0659	135.5591	-446.0449
	-1.5718	-2.4678	1.8086	287.2925	29.0527	258.8501
	0.3813	-1.959	1.0693	536.1938	27.8931	623.1689
	0.7266	0.1201	-1.0195	581.2378	-513.6108	-77.2095
	-0.3428	0.5552	-0.2651	8.5449	161.8042	148.5596
	0.2153	0.5059	-0.9121	219.1772	-46.6919	5.5542
	-0.0488	0.4268	-1.4141	49.8047	-92.2241	-10.5591
	0.124	-1.2129	-0.7524	-842.5293	160.7056	413.0859
	-0.3721	-0.8237	2.0171	-529.6021	387.8174	-111.0229
	-0.1929	-0.186	0.4956	17.8833	-116.272	-95.459
	0.1943	-0.7349	0.7373	-248.3521	40.7104	-104.0039
	-0.3662	-1.353	1.4575	-153.5645	99.4873	-146.6064
	-0.2007	-1.0762	1.123	-49.5605	27.2217	-39.7949
	0.7275	-0.6987	0.8809	164.978	104.5532	-135.8032
	-0.335	-0.8594	0.6382	-139.8926	83.0688	114.9292
	0.0508	-0.8672	0.9585	109.4971	-91.0645	-57.6172
	-0.103	-0.8647	1.0332	-46.814	68.2983	-6.4087
	-0.0928	-2.6094	-0.2095	399.7192	-57.0679	708.313
	0.7969	-0.6665	1.2568	-344.8486	173.5229	392.2729
	1.2119	-0.2344	1.1831	224.9756	-57.312	-287.8418
	-0.4639	-1.3833	0.8062	209.5947	6.4697	-574.8901
	-1.1724	-1.0762	0.9253	84.7168	8.5449	59.6313
	-0.8511	-0.9912	0.7378	122.8638	-87.5244	167.4194
	0.4155	-1.2808	1.311	-40.2832	237.0605	784.1797
	1.2544	-0.0586	0.2256	304.6265	-339.1724	341.7969
	1.2124	0.6562	-0.5342	76.4771	-276.062	-139.5264
	1.8003	0.5361	0.4341	54.1992	116.333	-418.396
	-1.6997	-0.1172	0.1816	386.0474	-95.5811	-216.1255
	-0.3799	0.1992	-1.0039	104.0039	-31.0059	21.3013
	-0.4453	0.0615	-1.1367	32.5317	-83.8013	35.7666
	0.1831	-0.8828	-1.29	-477.1729	-299.9878	456.9702
	0.2842	-1.647	1.4536	-881.3477	650.2075	-390.0757
	-0.6431	-1.0889	1.439	35.4004	-54.0771	-119.6289
	-0.9023	-1.3398	1.7427	185.4858	112.793	204.4678
	0.1562	-0.939	0.2642	715.1489	-150.9399	207.8247
	-0.1436	-0.1572	-1.1812	486.2061	-109.314	123.7183
	-0.4922	-0.4854	-2.0864	-291.9312	-78.0029	369.0796
	-0.1221	-0.7891	1.7969	-774.6582	801.2695	-233.2764
	-1.4731	-1.6689	2.229	369.2017	135.5591	55.7861
	-0.8794	-0.3521	-1.2739	568.6646	-330.5054	32.2876
	0.7998	0.7256	0.3081	-591.4307	404.2358	385.2539
	0.3584	0.6719	0.1943	1.9531	-93.6279	-58.1665
	-0.79	0.0469	1.7832	-249.6338	220.0317	15.5029
	0.3335	0.3511	0.3599	380.3101	-231.5674	223.5718
	0.2524	0.2788	0.311	277.5269	111.9385	-61.2183
	-0.1196	0.7524	0.0664	-108.5815	18.7378	-163.0249
	-0.8828	0.7168	0.7998	34.729	75.5615	-113.7695
	-0.7559	0.5225	-0.2812	179.1382	34.9731	38.0859
	-0.5522	0.3579	0.3164	-26.1841	-359.7412	401.001
	1.0479	0.9004	-0.2798	165.2832	-93.9331	-27.5879
	-0.127	0.7368	-0.2324	-122.9248	98.2056	-41.2598
	-0.0742	0.8472	-0.2583	-52.6733	-8.667	-57.5562
	-0.1533	1.0293	-0.0078	-81.604	194.9463	15.8081
	-0.0796	0.6157	0.4722	-177.4902	102.5391	48.1567
	0.2476	0.437	0.5132	-38.0859	-113.2812	-162.0483
	-0.2217	1.061	0.0396	-43.5181	225.647	67.1997
	-0.0679	0.7563	1.396	-256.897	117.8589	-0.6104
	-0.5181	0.1094	0.9209	252.5024	-197.0825	-152.0386
	-0.2832	0.3696	-0.0122	263.3667	-278.8086	-55.7251
	-0.228	0.8052	-0.6519	69.1528	149.6582	178.2837
	0.811	0.6973	-0.5635	-67.1387	78.7964	280.8228
	1.1606	0.4028	0.3657	-302.002	219.6655	-264.8315
	-0.3726	-0.3711	1.6597	-314.5752	141.1133	-439.5752
	-1.0869	-0.6006	1.0532	440.1855	-7.5073	82.3364
	0.1353	0.2241	-0.4976	351.0742	-118.2251	290.0391
	0.3857	0.478	-1.4521	114.563	-135.0098	197.4487
	1.0146	0.4219	-0.0444	-636.1084	335.3882	40.8325
	-0.1558	-0.2744	1.207	-328.8574	-15.9302	-172.6074
	0.1143	-0.2266	1.0737	-111.2061	65.2466	-8.4229
	-0.0264	-0.5146	0.9922	-118.103	32.2876	-109.9854
	-0.3936	-0.853	1.5957	-107.7881	116.6992	-64.209
	-0.3286	-0.9097	1.0708	304.8706	0.061	165.8325
	0.0327	-0.0601	0.4111	256.6528	-21.5454	168.9453
	0.3955	0.5024	0.1616	127.3804	1.6479	175.8423
	0.813	0.6426	0.0059	-237.1216	93.5059	-46.6309
	-0.0957	-0.5483	1.1953	-329.3457	54.5654	-250.061
	-0.9883	-1.2563	2.0933	-37.0483	88.7451	-111.145
	-0.3994	-0.5703	0.8911	265.7471	-14.0381	89.3555
	-0.0049	0.0967	0.375	161.6821	17.1509	179.2603
	0.5723	0.5396	-0.4121	-5.3101	-64.5142	150.6348
	0.2529	-0.8506	1.187	-593.6279	247.4976	-272.2168
	-1.0571	-1.6431	2.2783	153.2593	48.2178	-46.0815
	0.0669	-0.4888	0.48	384.1553	-2.8687	134.5825
	0.0317	0.4175	-0.0493	172.9126	-18.6157	26.9165
	0.2231	0.2441	0.0029	-384.1553	-13.5498	43.8232
	-0.2798	-1.1855	1.937	-427.3682	130.8594	-191.2231
	-0.7637	-1.5161	1.8721	420.8374	29.48	108.2153
	0.1499	-0.0659	-0.165	485.5957	-157.5317	82.6416
	0.1147	0.5601	-1.0425	-37.7197	-108.8257	29.3579
	-0.0737	-0.9482	1.4053	-695.0684	160.0342	-151.9775
	-0.9219	-1.4102	2.2217	268.7378	-26.6724	-0.3052
	0.0078	-0.0879	0.0249	411.3159	-62.5	96.7407
	0.1206	0.4497	-0.5	-173.0347	48.5229	8.5449
	-0.6885	-1.3784	2.3843	-477.6611	86.6089	-181.2744
	-0.1631	-0.5371	0.5747	513.9771	-40.3442	153.7476
	0.127	0.4785	-0.1196	-28.6865	26.7334	25.2686
	-0.4321	-0.981	1.6309	-587.4634	93.1396	-181.4575
	-0.2959	-0.7373	0.8496	545.105	-50.9644	179.5654
	0.168	0.4355	-0.3687	95.7642	24.0479	28.9917
	-0.3589	-0.5859	1.458	-706.3599	172.6074	-187.8052
	-0.3394	-0.6318	1.186	515.8081	-94.6655	94.9097
	-0.0601	0.4697	-0.3379	-30.3955	70.4956	-43.396
	-0.5884	-0.4126	1.5522	-264.6484	51.9409	11.8408
	0.0327	0.2285	0.3779	172.8516	-138.9771	-38.208
	-0.3486	-0.4902	1.3423	-250.6714	63.5986	-57.8613
	-0.4067	-0.8765	1.2939	378.418	-18.3105	106.2622
	-0.4731	-0.2578	0.6011	377.5024	-13.4888	138.2446
	0.0752	0.3525	0.1094	234.0698	28.6865	254.8218
	0.5664	0.7031	-0.0884	149.5361	52.4292	203.9185
	0.8706	0.4697	-0.2202	164.917	3.9062	187.8052
	1.1875	0.0874	-0.4751	118.9575	-84.9609	10.9863
	0.7275	0.4028	-0.6216	-72.6318	-103.6377	-196.106
	0.1279	0.3159	-0.6562	-35.5835	17.334	-87.2803
	0.5347	0.708	-0.7109	-40.4663	-108.9478	-63.3545
	0.251	0.5708	-0.7715	-136.1084	-60.1196	-100.5249
	-0.0811	0.6128	-0.3579	-224.4263	-71.2891	-68.8477
	-0.209	0.3677	0.4409	-413.8184	179.1992	-59.2041
	-0.0708	0.0454	0.9531	-358.7036	96.9238	-13.1226
	-0.2803	-0.2852	1.3477	-155.8838	-1.2207	-64.4531
	-0.4561	-0.4033	1.3994	67.688	-22.583	3.54
	-0.3618	-0.2837	0.9692	276.123	13.2446	112.6709
	-0.0317	0.2686	0.6875	278.5034	-49.1943	203.0029
	0.3062	0.6255	0.127	226.6846	-15.564	140.0757
	0.5229	0.8511	-0.2671	110.1685	-88.1958	0.1831
	0.3413	0.8784	-0.0127	17.5171	11.2305	0.0
	0.3159	0.8369	-0.1743	114.0747	-109.1919	-52.3071
	0.0938	0.7202	-0.5073	87.9517	-66.4062	-37.0483
	0.1313	0.7104	-0.5474	-19.165	-35.2783	-45.7153
	-0.126	0.6362	-0.7427	-17.7612	-54.2603	-42.8467
	-0.1587	0.7378	-0.375	-161.0107	22.2778	2.2583
	-0.1792	0.7534	0.0312	-69.5801	-13.4888	-12.4512
	-0.1445	0.7402	-0.3506	-70.7397	-71.9604	17.7002
	-0.0742	0.5977	0.5073	-317.749	-40.5884	-32.6538
	-0.1406	0.4053	0.8296	-196.7163	19.4702	-7.1411
	-0.2148	0.145	0.769	-202.2095	-14.4653	-24.4141
	-0.0952	-0.061	0.9683	-90.0879	9.8877	12.5122
	-0.0869	-0.251	1.0693	-111.084	-24.1089	-50.9033
	-0.7095	-0.8428	1.6431	-30.3345	20.5078	-57.1289
	-0.0601	-0.7534	1.0527	429.4434	67.1997	338.6841
	0.0059	0.2642	0.1362	331.8481	-120.9717	63.7817
	0.1064	0.6523	-0.0688	210.144	-22.2168	100.2808
	0.209	0.8223	-0.3022	105.2856	-46.936	0.3052
	0.1074	0.7471	-0.418	77.6978	-55.7861	-21.6064
	-0.0649	0.7168	-0.5371	-56.3354	0.6104	-13.3057
	0.1133	0.665	-0.7793	-113.4644	-59.8145	3.6011
	0.083	0.4741	0.3008	-415.2222	139.3433	1.2817
	0.0308	0.2632	0.7466	-317.1997	15.2588	-28.9307
	0.2417	0.1094	0.8545	-232.9712	9.3994	0.1221
	-0.2378	-0.4521	1.4458	-154.1748	30.8838	-88.0127
	-0.3652	-0.4985	1.1597	77.5757	-23.8037	3.6011
	-0.0762	-0.2104	0.9595	34.4849	26.5503	59.6313
	-0.3511	-0.3296	1.4033	39.0015	29.541	37.5366
	-0.0581	-0.1353	1.0664	292.6025	-2.4414	152.9541
	0.1162	0.355	0.25	380.9814	-147.3999	29.2969
	-0.0713	0.6177	-0.0913	251.2207	-105.957	-41.748
	-0.0166	0.73	-0.5815	157.7759	-55.603	-22.7661
	-0.2734	0.5361	-0.8315	38.0859	-48.584	-11.5356
	-0.3711	0.3027	-0.7979	-202.6978	-34.3628	105.7739
	0.4111	0.5376	-0.0312	-466.8579	103.5156	38.3911
	0.2339	-0.146	1.0132	-452.2705	91.3086	-68.9087
	-0.2637	-0.4189	1.4946	-87.4634	7.0801	-44.3726
	-0.1909	-0.2583	0.9531	106.3232	-19.5923	-11.5967
	-0.2915	-0.3784	1.0723	24.4141	-27.1606	-49.6826
	-0.2197	-0.2354	1.1665	65.5518	-4.2725	52.124
	-0.0371	-0.145	1.022	267.5781	61.0962	90.21
	-0.063	0.4258	0.1636	310.0586	-60.791	35.5835
	-0.0337	0.8081	-0.2021	232.4219	-78.7964	6.6528
	-0.2051	0.7974	-0.3379	93.5669	-4.0894	-12.146
	-0.0693	0.7993	-0.3716	29.541	-16.6626	-7.6294
	-0.2988	0.7759	-0.4907	14.7095	-15.8081	-21.7285
	-0.2534	0.6357	-0.4883	-139.4653	177.3071	16.6626
	0.0088	0.7524	-0.1636	-195.1904	65.7959	-30.3955
	-0.2539	0.5439	0.377	-257.6904	-2.4414	-48.7061
	-0.4272	0.3721	0.8638	-205.2612	73.7305	-28.4424
	-0.4189	0.2104	0.8975	-116.5771	-2.0142	-55.603
	-0.6338	-0.0977	0.9692	-98.2056	-43.9453	-51.6968
	-0.6807	-0.2319	1.3281	65.3687	11.4746	53.833
	-0.5249	-0.1323	0.8389	174.7437	130.0659	243.103
	0.1953	0.3096	0.353	352.6611	-49.7437	256.2866
	0.3853	0.5234	-0.6196	359.436	-206.0547	92.7734
	0.083	0.5068	-1.1118	74.3408	-105.4688	-11.4136
	-0.0454	0.4746	-1.0327	-108.2153	-4.0894	-6.1035
	0.1025	0.4917	-0.4336	-380.3711	-35.9497	40.3442
	0.0146	0.2705	0.4956	-398.8647	132.9346	-43.6401
	-0.1963	-0.082	1.1943	-312.7441	84.6558	-142.7002
	-0.6743	-0.4863	1.4004	-52.3682	15.9912	-65.4297
	-0.2935	-0.2173	1.1577	68.9697	7.8735	51.5747
	-0.269	-0.1548	1.0869	264.6484	50.0488	182.1289
	0.3848	0.2993	0.0693	398.3154	-66.4673	224.5483
	0.2163	0.7178	-0.4229	244.4458	-101.9897	3.3569
	0.1738	0.7026	-0.9668	23.0103	-97.7783	-24.7803
	0.0815	0.5684	-0.5273	-330.2612	-1.0376	10.498
	0.2505	0.2163	0.2686	-431.0913	-11.4746	-103.8208
	-0.248	-0.9141	1.5723	-467.2241	43.7622	-224.2432
	-0.8711	-0.999	1.8535	174.5605	-47.1802	4.5776
	-0.0654	-0.4116	0.9062	242.7979	101.4404	218.5669
	0.0083	0.4507	0.3618	159.1187	-34.729	42.8467
	-0.1514	0.5786	0.4546	109.9854	18.7988	75.8057
	-0.0557	0.752	0.3667	122.5586	-34.5459	37.1704
	0.022	0.9048	-0.0518	73.6084	-23.3765	46.875
	0.2422	0.9927	-0.1528	-68.0542	29.1748	-62.6831
	0.0439	0.5811	0.354	-248.9014	-12.5732	-119.3237
	-0.0171	-0.0933	0.7422	-206.665	-45.5322	-146.4233
	-0.5522	-0.5806	0.8213	22.644	58.1055	-129.0283
	-0.1499	-0.6465	1.2627	-341.0645	172.6074	-51.2695
	-0.5425	-0.6733	1.333	-47.9736	41.8701	-51.4526
	-0.3848	-0.7915	0.3652	220.0928	87.7075	321.228
	0.4453	-0.0752	0.603	-35.4614	94.4214	55.603
	-0.5581	-1.0259	0.7373	-70.6177	-264.8315	-448.7305
	-0.312	-0.3345	1.2202	-175.7202	20.874	30.8838
	0.271	-0.6782	0.6875	187.3779	106.0791	441.1011
	1.355	0.0967	-0.1753	-232.7271	-92.1021	-184.5703
	-0.2881	-0.5547	0.7344	-69.2139	92.2852	-107.4829
	-0.3271	-0.4419	0.6025	136.9629	39.1235	96.0083
	-0.3457	-1.8257	3.1021	-366.0889	-81.9702	-232.2388
	-0.0435	-0.5479	-0.1694	464.9658	71.0449	178.2837
	0.293	-0.0493	-0.5366	-211.4868	-19.3481	78.125
	0.9399	-0.2163	3.4668	-291.0156	391.1133	-19.7144
	-0.0459	-0.6411	0.4814	455.6274	63.7817	122.5586
	0.8936	-0.0044	-1.7295	29.6021	14.0381	22.583
	-0.2666	-1.1147	1.5366	-230.7129	421.0815	-274.353
	0.2422	-0.6235	-0.1772	546.7529	-67.3218	208.8623
	0.6362	-0.4912	-0.6948	-631.1035	-75.1953	102.6611
	-0.7964	-0.6323	0.7349	-213.9282	83.252	-244.0186
	0.4795	-0.3101	0.4971	276.1841	70.2515	282.2876
	0.6895	0.0088	-0.2764	-262.5732	-147.0947	-230.2856
	-0.0679	0.2007	0.1333	-74.5239	83.5571	-61.5845
	0.1338	-0.6147	0.8555	-20.874	-402.5879	-58.2275
	0.0552	-0.4126	0.6318	-14.9536	22.522	7.9956
	1.1226	-1.1821	3.0957	66.5894	120.1782	-83.1909
	0.25	-0.6401	0.707	10.376	106.4453	11.7798
	0.1699	-0.8096	2.5625	210.9375	240.9668	-102.356
	0.0723	-0.7529	0.6943	35.7056	5.7373	16.7236
	0.603	-0.708	2.6636	104.187	249.2676	-114.624
	0.1323	-0.2563	0.479	2.1362	98.999	-50.293
	-0.4419	-0.3027	1.3716	62.561	45.166	-25.4517
	-0.0537	0.1836	0.3213	93.6279	198.1812	198.8525
	-0.3506	-0.0913	0.6309	327.9419	246.8262	-95.7642
	-0.0425	0.2373	0.2827	-192.1387	80.2002	-78.0029
	0.0708	-0.1533	0.6602	-32.5317	-234.6802	35.4004
	-0.0063	-1.168	2.8447	-206.9092	179.5044	6.897
	0.3218	-0.3682	0.8354	-44.5557	93.75	29.6021
	-0.2827	-0.3447	0.3066	19.4092	-87.2192	-95.52
	0.1406	-0.4053	1.437	-3.54	73.8525	-13.0615
	-0.0786	-0.3984	0.6006	21.0571	-91.5527	7.6294
	-0.0869	-0.2954	1.1357	2.0142	182.4341	-12.207
	0.0728	-0.3232	0.5088	8.8501	-8.4839	0.0
	-0.1299	-0.2964	0.6797	-22.1558	83.7402	-8.606
	0.3633	-0.6157	1.2725	-23.1323	-55.7861	-6.8359
	-0.2637	-0.4277	0.8564	6.4087	-25.8789	-3.8452
	0.396	-0.5396	1.6411	-0.7324	45.105	8.1177
	-0.3979	-0.4556	0.6758	0.6714	-140.8691	-10.8643
	0.5176	-0.4766	2.231	-7.4463	133.8501	6.4087
	-0.4165	-0.5356	0.6514	19.8364	-181.7017	30.0293
	1.0059	-0.5752	2.978	-47.1802	68.7256	9.3994
	-0.3115	-0.5039	0.4932	51.3916	-214.5386	16.4795
	0.5664	-0.4946	2.5508	13.855	148.0103	-26.5503
	0.0137	-0.4668	0.4272	44.1895	-85.9375	24.8413
	0.5576	-0.8604	1.3291	-123.9014	-26.2451	28.0762
	-0.0981	-0.4175	0.8008	32.7759	-15.8081	18.7378
	0.2461	-0.458	1.6548	37.3535	138.6108	-14.4043
	0.0879	-0.5522	0.5527	7.1411	-57.4951	6.2866
	-0.1982	-0.3779	0.3477	-6.4697	51.1475	-12.0239
	0.4634	-0.5122	1.3198	-23.3154	-0.9766	2.8076
	-0.0254	-0.436	0.938	3.54	-88.0127	3.7842
	-0.0483	-0.4775	0.874	22.8271	118.2861	-6.3477
	0.0059	-0.4858	0.5771	21.3623	-22.9492	-12.207
	-0.2305	-0.4521	0.3062	-7.8125	119.0186	-19.7754
	0.0679	-0.395	0.4727	-5.7373	-0.5493	-16.3574
	-0.5161	-0.5537	0.3599	-0.8545	60.1196	-31.6162
	0.125	-0.5654	0.3325	-63.5986	-12.5732	-16.8457
	-0.4316	-0.6465	0.8164	-1.0986	-176.3306	-21.6064
	0.3945	-0.8481	0.5654	-111.8774	-61.4014	27.3438
	0.2583	-0.46	0.9834	43.7622	-98.3276	5.188
	0.8916	-0.7534	1.1157	-65.4907	-123.9624	40.8325
	0.2329	-0.5942	0.501	17.4561	33.2031	7.5684
	0.5801	-0.5986	1.3403	-6.2256	34.2407	-19.5312
	0.2793	-0.6621	0.5317	4.0894	16.6626	-0.4883
	-0.0029	-0.6489	0.5869	17.2729	82.5195	-28.6255
	0.4106	-0.854	0.707	-22.7051	-16.7236	19.104
	-0.0718	-0.6475	0.6963	-13.5498	-113.5864	-23.6816
	0.543	-1.0342	1.0767	-162.8418	259.3994	109.0698
	0.1372	-0.6431	0.5488	96.6187	-144.7144	-56.2744
	0.2295	-1.0239	0.8936	-208.1909	240.6616	98.2666
	0.188	-0.5469	0.4233	61.2793	-200.3784	-101.3794
	0.0112	-1.3501	-0.7954	-280.5176	-89.2944	91.0645
	0.3315	-0.6626	0.2969	-16.2964	-290.3442	-49.8657
	0.3433	-1.2798	-0.1245	-132.2021	-20.6909	110.3516
	0.3413	-1.0142	-0.1851	-0.061	-226.5625	29.3579
	0.9009	-1.6055	-0.3086	74.646	-453.7964	-67.4438
	0.1733	-1.084	-0.2339	29.541	10.1318	1.6479
	0.167	-1.3398	-0.2256	9.9487	-19.043	44.1284
	0.1689	-0.9067	-0.2422	-1.0986	-25.0854	9.5215
	0.1323	-1.2153	0.1855	67.3218	190.1855	20.3247
	0.1616	-1.145	0.0352	61.5845	-72.3877	18.3716
	0.3105	-0.854	0.1167	-26.7334	-304.1382	-58.7158
	0.0728	-1.209	-0.2686	-39.3677	-465.6982	-188.1104
	0.4448	-1.6831	-0.3364	77.4536	461.0596	-70.8618
	0.3408	-0.7783	-0.1353	-18.6768	-170.2881	-39.1235
	0.2085	-1.2129	-0.2671	-46.5088	-93.8721	-51.5137
	0.2749	-1.0205	-0.144	-21.4233	48.2178	52.3682
	0.1655	-1.0562	-0.2886	-2.9907	-6.3477	30.4565
	0.1484	-1.1987	-0.271	-16.2354	30.8838	60.3638
	0.1934	-1.1343	-0.1812	-5.8594	65.6128	79.5898
	0.1821	-1.1646	-0.1948	-2.3193	38.6353	36.377
	0.1118	-1.127	-0.1836	-1.9531	-29.6631	-21.3623
	0.0713	-1.4512	-0.3745	78.2471	13.916	-50.4761
	0.1084	-0.9521	-0.2041	78.7964	252.2583	-10.0098
	0.2437	-1.6226	-0.4189	172.8516	338.623	46.2646
	0.269	-1.4043	0.104	152.9541	195.7397	-88.6841
	0.4443	-1.4951	-0.3423	-212.2192	-65.4907	-77.9419
	0.2837	-1.4009	-0.1465	-299.6216	-28.8086	-210.7544
	0.083	-1.3022	-0.1558	-127.0752	-58.96	-127.3804
	0.2163	-0.2979	-0.3633	-41.8091	256.8359	18.4937
	0.1768	-0.9419	-0.4336	40.5884	53.4058	93.8721
	0.1938	-1.207	-0.4209	-166.0156	-90.6982	192.749
	0.7266	-1.5239	0.0371	41.9922	-22.4609	406.3721
	2.2251	-1.7783	-9.9854	1235.9619	13.6719	-186.6455
	0.3247	-0.7217	-0.3296	-127.6245	162.1094	-228.8208
	-0.1431	-0.5625	0.3125	49.9268	-541.687	-214.0503
	0.166	-0.3945	-0.9941	-34.8511	-6.4087	-23.9868
	-0.0049	-0.5039	-1.5757	197.5098	1.1597	-80.8716
	0.3569	-0.9629	-0.042	271.2402	-297.3633	-38.4521
	0.3545	-1.2266	-0.458	444.6411	16.7847	131.2866
	0.2583	-1.3174	-0.2173	362.3657	-5.6763	6.5918
	0.2676	-0.5381	-0.2266	56.2134	-102.478	-17.334
	0.269	-0.9014	0.0903	-239.3188	-88.2568	-79.895
	0.0142	-1.0156	0.5972	220.0928	57.8613	102.9053
	-0.0073	-0.2393	0.854	-2.6855	1.709	-9.6436
	-0.0107	-0.916	0.6387	40.4663	10.0708	-53.9551
	0.3345	-0.769	1.1885	24.292	-71.6553	-68.0542
	-0.0728	-0.3232	0.5552	252.8076	-104.9194	-178.0396
	-0.1045	-0.6147	0.1655	-114.3799	47.4243	-40.9546
	0.2974	-1.0044	1.228	-97.0459	-239.6851	-51.8188
	0.2559	-0.7437	0.4834	-59.9976	-10.7422	-11.5967
	0.3394	-0.7959	0.3647	-68.2373	-106.9336	-17.395
	0.3271	-0.9229	0.0737	-91.0034	-212.9517	21.6675
	0.6807	-1.0762	-0.2896	-245.1172	-25.3906	219.9707
	0.4531	-1.1382	0.2285	-100.4028	103.8208	-18.0664
	0.4292	-0.9575	-0.1802	87.1582	-38.6353	-103.6377
	0.3716	-1.4282	0.123	-63.5986	38.0859	-115.6006
	0.3687	-0.7031	0.4116	64.6362	147.522	97.9004
	1.311	-0.4233	-1.1528	470.8862	154.2358	228.9429
	0.8408	-1.3501	0.2803	41.4429	-223.4497	-431.8848
	0.1494	-0.6714	-0.1792	19.7754	-131.0425	-268.4326
	0.0405	-0.4531	0.3306	-78.125	227.6001	107.4829
	0.3135	-1.792	0.5337	-96.6797	158.5083	261.2305
	-0.1553	-0.0293	0.5503	-162.4146	-398.3765	-268.3105
	0.186	-1.9487	0.5854	629.9438	-30.4565	295.0439
	0.731	-0.1162	-0.4736	155.7617	-24.6582	-15.4419
	0.1743	-0.7632	0.2861	-333.252	9.9487	28.3203
	0.4023	-0.271	0.9673	6.5308	45.0439	17.5781
	0.417	-0.4512	1.0586	-17.8833	-39.4287	1.709
	0.3008	-0.3848	1.4556	71.3501	73.3643	-31.4941
	0.2617	-0.3979	1.0503	56.4575	33.6304	-90.5151
	-0.1377	-0.4639	1.2188	88.1958	-141.8457	-162.9028
	-0.7192	-1.7393	1.3169	30.8838	-74.585	99.4263
	0.5249	0.46	0.0444	12.6343	99.4263	-5.6763
	0.2549	0.041	1.2671	100.3418	108.7036	-61.4014
	-0.0532	-0.0659	1.0576	-2.5024	33.8135	36.1938
	-0.2109	0.0195	0.9287	-61.2793	54.0161	-6.2256
	-0.3423	-0.2388	0.6694	12.9395	-57.1289	12.146
	-0.0117	0.2446	1.5166	-75.2563	122.3755	-28.8696
	-0.1216	-0.2803	0.6992	13.3057	-36.1938	1.77
	-1.3696	-0.1343	0.4785	-38.8184	-111.7554	171.0815
	-0.9512	-0.2163	0.7373	15.3809	-101.8677	198.9746
	0.3589	-0.1675	0.6436	-69.458	46.3257	-19.8364
	0.0947	-0.186	0.4521	-114.624	-153.9307	19.7754
	-0.0479	0.1802	0.7798	-23.6206	-46.3257	20.5078
	0.4126	-0.1899	1.2695	39.1235	54.1992	-22.583
	-0.1182	-0.0278	0.604	-17.5171	-35.2173	27.2827
	0.3472	-0.0015	1.3887	-45.8984	0.0	-17.5781
	-0.0581	0.0283	0.7041	-13.3057	-27.4048	23.1323
	0.3853	-0.1133	1.3931	-24.231	6.0425	1.2817
	-0.064	-0.0825	0.6553	17.7612	-1.1597	7.9346
	0.6626	0.1958	1.6641	-42.9077	-3.2349	-13.2446
	0.0039	-0.0796	0.6753	18.1274	13.3667	4.2114
	0.6387	0.2544	1.6885	-33.9966	1.0376	-11.7188
	0.0181	-0.0977	0.5854	21.3623	28.0762	-0.4883
	0.4604	0.4678	1.6348	-62.0117	-5.188	3.479
	0.0283	-0.0972	0.4814	17.8833	28.8086	0.8545
	0.5103	0.1367	1.4023	-53.894	-44.3726	11.5356
	0.0483	-0.0923	0.606	10.5591	24.4751	-11.5356
	0.2686	0.1069	1.1372	28.4424	-3.8452	-3.6011
	0.1406	-0.1357	0.6621	7.2021	13.1836	2.1973
	0.0996	0.1587	0.9136	5.7983	-24.4751	6.6528
	0.1836	-0.1113	0.7837	19.9585	20.5688	-2.0752
	0.1011	0.0381	0.8364	11.5967	-21.6675	8.2397
	0.2266	-0.0854	0.9028	19.165	16.2964	-7.9346
	0.0859	0.0898	0.8423	0.6104	-21.3623	7.7515
	0.2559	-0.1519	0.9541	34.9731	20.9961	-7.7515
	0.0728	0.0786	0.7964	5.3101	-21.3623	7.2632
	0.2983	-0.146	1.0112	36.1328	24.5972	-9.7046
	0.0557	0.0347	0.7671	18.4326	-13.6719	8.1787
	0.248	-0.1763	1.0337	34.4238	22.7051	-8.8501
	-0.0171	0.0156	0.6904	12.207	-22.583	4.2725
	0.3975	-0.2256	1.3335	37.2925	25.4517	-9.0942
	0.0312	0.1577	0.7358	-45.2881	-38.5132	20.9351
	0.292	-0.1938	0.9844	72.7539	44.0063	-22.7661
	0.0376	0.2241	0.8691	-86.6089	-46.0815	34.9731
	0.146	0.0312	0.9019	14.5874	30.3345	-10.5591
	0.2803	-0.0469	1.0679	-8.7891	-3.54	6.7749
	0.0405	-0.1064	0.8018	-1.6479	17.6392	-4.0283
	0.0186	0.0176	0.7534	19.8975	-35.6445	4.3945
	0.0435	-0.1812	0.8828	10.0708	9.7046	-2.6855
	0.0269	0.0244	0.75	-6.1035	-22.8882	9.2163
	0.0962	-0.1792	0.9536	38.8184	20.6299	-8.0566
	0.0396	-0.0273	0.7925	-39.7949	-14.2822	7.3242
	0.2061	-0.1138	1.0737	71.228	27.5879	-27.1606
	0.0405	0.0542	0.8765	-54.1992	-15.3198	13.5498
	0.1816	-0.0645	0.9746	49.4385	22.1558	-10.9863
	0.1235	-0.0474	0.9702	-25.0244	-9.7046	6.8359
	0.1421	-0.0234	1.0195	10.6812	11.5356	-3.6621
	0.0317	-0.1006	0.8022	-10.1929	-12.7563	6.7139
	0.1831	0.0693	1.1768	12.085	29.48	-9.8267
	0.0806	-0.0186	0.8535	-5.3101	-12.7563	9.5215
	0.1201	0.0312	1.0176	10.8032	18.1274	-3.9673
	0.0903	-0.0635	0.9297	-9.9487	-5.7983	2.4414
	0.145	-0.0684	1.0186	6.958	3.7231	-1.2207
	0.1147	-0.0752	0.98	-1.9531	0.0	0.5493
	0.1284	-0.0562	1.0181	1.709	1.2207	-0.1831
	0.0874	-0.0747	0.9277	0.5493	-3.1128	1.5259
	0.1621	-0.0825	1.0908	2.1973	3.479	-1.8311
	0.0928	-0.0688	0.9609	-2.8076	-0.061	0.9155
	0.1431	-0.0781	1.0498	6.7749	3.479	-1.2817
	0.0991	-0.0503	0.9561	1.5259	2.9907	0.1221
	0.1533	-0.082	1.0913	7.9346	0.6104	-2.0752
	0.0933	-0.0708	0.9604	-7.0801	-0.3662	1.9531
	0.1436	-0.0625	1.0356	4.7607	-0.1831	-0.5493
	0.1245	-0.0664	0.9932	-2.1362	2.9907	0.8545
	0.1216	-0.0513	1.0156	-0.061	1.0376	-0.1221
	0.1113	-0.0767	0.9849	1.5869	1.0376	-0.1221
	0.1143	-0.0518	1.0063	-1.8311	1.0986	0.0
	0.1187	-0.0767	1.02	-0.061	1.4038	-0.3662
	0.1128	-0.0737	1.0049	0.7324	0.3052	0.061
	0.1138	-0.0752	1.0015	0.061	-1.5869	0.0
	0.1226	-0.0811	1.0029	0.3662	-2.3193	0.4883
	0.1211	-0.0767	1.0034	1.4648	1.3428	-0.1221
	0.123	-0.0747	1.0205	-6.7139	-1.6479	0.0
	0.1094	-0.0635	0.9946	0.3052	0.6104	-0.3662
	0.1133	-0.0586	1.0	-6.3477	-2.2583	0.5493
	0.145	-0.1138	1.0503	-6.1035	0.4883	-0.3662
	0.0967	-0.0918	0.9927	-28.0151	3.479	5.4932
	0.0396	-0.21	0.8369	33.8135	-10.0708	-2.6245
	0.3125	0.1865	1.4629	-32.0435	39.4897	-8.3008
	0.1035	-0.0645	0.7461	10.0708	9.2163	8.3008
	0.0361	0.0356	0.9756	5.7983	-13.2446	-1.77
	0.1294	-0.1187	1.0293	20.2637	-1.6479	2.8076
	0.0415	-0.1221	0.8149	-7.5073	-11.4136	0.9155
	0.3276	0.0107	1.3833	-34.8511	19.9585	-2.5024
	0.0571	-0.1157	0.7207	14.5264	13.2446	6.2866
	0.2173	-0.0664	1.2729	-59.082	4.4556	1.0986
	0.0112	-0.0684	0.7593	9.7046	28.1982	-0.9155
	0.2134	-0.0068	1.2754	-42.9688	-6.0425	2.6855
	-0.0054	-0.1138	0.7334	19.5312	7.3242	6.2866
	0.1602	-0.1113	1.2026	-72.6318	-15.8081	6.2866
	0.0083	-0.0366	0.811	5.0049	51.2085	-2.2583
	0.1709	-0.1929	1.144	10.2539	-48.3398	4.1504
	-0.0454	-0.1479	0.751	-20.0806	21.2402	4.0283
	0.0322	-0.1255	0.8745	19.4092	-39.4897	1.77
	0.0762	-0.2461	1.0454	44.3115	18.8599	-2.3804
	-0.0786	-0.0713	0.7051	-0.3052	-13.7939	0.7324
	0.1387	-0.5054	1.2495	23.1934	16.9067	-4.0283
	-0.0776	-0.0581	0.6816	18.0664	12.0239	-3.6011
	0.1343	-0.5059	1.3022	16.8457	13.7329	-4.6387
	-0.0322	-0.0396	0.9224	-45.2881	19.6533	3.2959
	0.0063	-0.2031	0.9834	29.8462	13.7329	-2.9297
	-0.0005	-0.0576	0.9771	-43.0298	-26.7334	8.3008
	0.0342	-0.2427	0.9536	44.7998	17.0898	-5.3101
	0.0342	-0.1343	1.0483	6.7139	-63.6597	2.1362
	-0.0571	-0.2725	0.8848	10.1929	30.0293	1.5869
	-0.0068	-0.1992	0.9775	-40.2832	-10.9863	2.4414
	-0.0474	-0.252	0.8853	35.1562	17.6392	-0.4883
	0.0132	-0.1772	1.0493	-28.9917	-24.5972	1.5869
	-0.0674	-0.2612	0.8613	29.9072	16.1133	3.9062
	-0.0005	-0.2671	1.0903	-53.772	-7.1411	2.9297
	-0.0571	-0.2412	0.8506	35.4614	12.0239	-1.3428
	0.041	-0.166	1.2241	-58.4717	-0.1831	0.7935
	-0.0737	-0.2163	0.7832	27.0386	-0.1221	4.7607
	-0.0322	-0.2871	1.0557	-67.2607	-2.1362	3.7842
	-0.0688	-0.1753	0.8462	30.0293	25.5127	-4.2725
	0.0986	-0.4121	1.3384	-12.9395	-65.4297	3.7231
	-0.0835	-0.2021	0.7529	7.8125	42.2363	2.8076
	0.0493	-0.543	1.248	-28.0762	-14.4653	-3.3569
	-0.0488	-0.144	0.8604	-8.0566	33.02	2.9297
	0.1479	-0.3262	1.4058	-22.583	-6.5308	-4.6387
	-0.0381	-0.2041	0.8569	-6.958	7.3853	13.4888
	0.1001	-0.1562	1.3086	-59.2041	-7.5073	-3.7231
	-0.0903	-0.2607	0.6738	7.3242	7.8735	18.0664
	-0.0312	-0.3726	1.0542	-36.499	-36.9873	-4.0283
	-0.1025	-0.3438	0.7915	7.8735	9.5825	15.8081
	0.0376	-0.3188	1.1323	3.1738	-45.166	2.9297
	-0.0591	-0.3848	0.9131	36.2549	-1.77	8.3008
	0.0508	-0.2832	1.2603	-19.2871	-55.2979	7.5073
	-0.0591	-0.4404	0.895	73.9746	-5.4932	10.1929
	0.0308	-0.2339	1.0425	-35.7056	22.522	-8.667
	-0.0024	-0.5391	0.9414	95.6421	-10.8032	-8.3008
	0.0605	-0.2075	1.0312	-72.5098	18.0664	-1.4038
	0.0195	-0.3999	0.9688	85.8765	-4.0283	-14.2212
	-0.0542	-0.3086	0.875	-34.0576	-16.4795	-1.4038
	0.0669	-0.3208	0.8799	35.0342	19.8975	1.77
	0.1069	-0.4297	1.3428	-44.5557	1.8921	9.2773
	-0.0249	-0.3257	0.7456	24.0479	-3.1128	4.1504
	0.1367	-0.3389	1.2231	-96.9238	19.3481	11.9629
	0.021	-0.3276	0.8096	60.3027	-7.0801	0.4272
	0.0972	-0.2632	1.0674	-31.25	-48.4009	0.6104
	0.0669	-0.4038	1.0073	43.5791	22.522	3.2349
	0.0596	-0.3086	0.9551	-34.4849	9.0942	-6.6528
	0.3472	-0.4976	1.5864	44.6777	-6.2866	-1.0376
	0.0205	-0.3379	0.625	20.6909	6.2256	1.77
	0.2886	-0.4966	1.2788	-22.7661	46.4478	9.2163
	-0.0068	-0.2397	0.5044	-10.498	-0.6104	10.498
	0.2891	-0.6357	1.2173	-35.7666	24.6582	1.8921
	0.0425	-0.2104	0.6289	-1.6479	3.3569	2.9297
	0.2246	-0.6289	1.5864	-54.4434	23.0713	15.564
	0.0645	-0.2646	0.7515	31.1279	19.9585	4.6387
	0.2871	-0.6392	1.2803	-28.5034	16.6626	7.8125
	0.0229	-0.2393	0.7896	13.0005	26.8555	-2.8076
	0.1714	-0.437	1.228	-92.1021	-34.3018	-0.2441
	-0.0059	-0.3477	0.7344	38.6963	7.2632	0.3662
	0.1719	-0.438	1.1304	-113.0981	-66.04	1.709
	0.0581	-0.3296	0.7383	48.2788	-17.0288	-5.6152
	0.2944	-0.5376	1.7715	-76.9043	-14.0991	11.6577
	0.0059	-0.3247	0.7988	44.9219	20.0195	-0.2441
	0.2871	-0.52	1.4102	-34.1797	24.7803	9.5215
	0.0522	-0.2842	0.7544	3.3569	8.2397	3.8452
	0.1777	-0.5552	1.2061	-25.6958	7.2021	4.3945
	0.0811	-0.2661	0.8604	-9.1553	3.1128	0.1831
	0.2192	-0.5996	1.2549	-18.1885	11.2305	3.1128
	0.064	-0.2485	0.8394	3.6011	13.1226	-3.6621
	0.1543	-0.6211	1.1172	4.7607	5.249	3.0518
	-0.0117	-0.2886	0.7686	20.9961	5.5542	-6.2866
	0.147	-0.6357	1.2197	-40.7715	0.4883	1.9531
	0.0537	-0.2754	0.7085	8.606	-11.5967	-0.1831
	0.3608	-0.6411	1.4795	-42.4194	10.6201	12.3291
	0.1792	-0.2207	0.8052	-20.6909	12.207	3.1128
	0.0659	-0.354	0.9092	-58.8379	-41.2598	-4.0894
	0.3281	-0.668	1.3721	8.1177	24.0479	6.897
	0.0122	-0.2388	0.5693	-5.3101	11.2915	-8.4839
	0.418	-0.7305	1.3799	8.667	13.5498	15.3198
	0.0972	-0.1631	0.4473	-15.564	10.376	1.3428
	0.4209	-0.6777	1.6924	-8.9722	48.0347	16.2354
	0.0894	-0.1895	0.6655	-4.5776	-2.6855	-3.6621
	0.2373	-0.7656	1.2319	-9.5215	37.9639	-0.9155
	0.0708	-0.2202	0.7812	25.5737	2.9907	-9.0332
	0.0952	-0.7349	1.0132	-7.3242	16.4185	-6.7139
	0.2266	-0.1577	1.0605	-36.5601	17.395	3.6621
	0.0791	-0.6733	0.7886	-42.2363	-59.8755	7.0801
	0.2368	-0.0981	1.1245	-55.481	44.7388	2.9297
	0.1533	-0.5356	0.9639	-86.9751	-118.1641	17.1509
	0.0781	-0.3022	0.8652	28.6255	54.3823	-7.019
	0.1816	-0.6089	1.3188	30.8228	11.4746	1.2207
	0.0254	-0.2207	0.4639	3.418	3.54	10.0098
	0.2373	-0.7158	1.3794	-10.0708	23.3154	7.019
	0.0396	-0.2124	0.7202	11.4136	9.2773	-5.5542
	0.0903	-0.7241	0.9492	3.7231	-16.2354	-3.479
	0.1626	-0.2646	1.1641	-2.3804	35.2173	-7.6904
	0.2793	-0.5645	1.3164	-70.6177	-67.4438	12.4512
	0.0137	-0.2954	0.6494	33.6304	24.5361	0.061
	0.2979	-0.6128	1.4839	-29.1138	28.2593	-14.5264
	0.1138	-0.2676	0.7373	27.4048	-8.7891	1.5259
	0.0947	-0.5396	0.9375	-50.1099	27.1606	-10.0708
	0.1729	-0.2285	0.6289	17.5171	0.6714	15.2588
	0.2749	-0.5322	1.3276	-81.665	-1.3428	-7.0801
	0.124	-0.2583	0.6333	-0.3052	3.2959	10.9253
	0.3271	-0.5791	1.4263	-70.3735	25.4517	-9.2773
	0.1836	-0.2588	0.7129	26.8555	6.5308	3.3569
	0.2529	-0.6338	1.3184	-46.9971	28.6865	-4.8218
	0.1685	-0.2397	0.7529	-16.3574	-2.5024	5.0659
	0.0381	-0.6909	0.9707	-26.4282	46.5088	-13.7939
	0.2881	-0.0942	1.0923	-68.7256	17.1509	24.7192
	0.0015	-0.6636	0.5967	-56.3965	-75.1343	6.1035
	0.208	-0.2104	0.939	-66.2842	31.3721	0.0
	0.0742	-0.5298	0.8936	-64.5752	-164.0625	5.0659
	0.1348	-0.4609	1.0732	42.7856	46.9971	-44.0063
	0.4912	-0.707	1.7529	-39.4897	37.4756	10.437
	-0.0835	-0.3115	0.5454	45.4102	34.2407	3.9062
	0.3125	-0.5269	1.3638	1.0376	13.2446	11.8408
	0.0303	-0.2959	0.5684	-17.0898	-22.522	-2.5635
	0.2383	-0.4663	1.0854	15.9302	37.9028	0.0
	0.0845	-0.2446	0.9214	-47.1802	-22.583	1.3428
	0.1392	-0.6665	1.0864	59.9365	-19.043	5.9204
	0.3247	-0.0811	1.2197	-43.9453	13.1226	-4.3945
	0.2456	-0.7886	1.3574	59.5093	-17.334	14.0381
	0.1582	-0.1919	0.9385	4.6387	40.3442	-8.9722
	0.0859	-0.7212	0.9531	110.2905	-5.3711	-11.1694
	0.1113	-0.2876	1.0923	-1.5869	42.6636	-10.9253
	0.0347	-0.6665	0.813	149.0479	-22.3999	-10.8032
	-0.0391	-0.3584	0.8213	30.8838	46.875	-7.6294
	0.3096	-0.3511	1.4507	121.8262	6.958	25.3906
	-0.0264	-0.2598	0.4653	-46.2036	-39.0625	-2.6855
	0.2676	-0.2769	1.1406	-8.728	15.9912	9.7046
	0.1113	-0.2603	0.8857	-84.4116	-33.5083	-0.061
	0.0703	-0.4902	0.877	46.3257	-1.4038	2.9297
	0.124	-0.3208	0.9233	-23.9258	-16.9678	-5.4321
	0.1099	-0.4863	0.9067	61.6455	0.8545	0.9155
	0.0732	-0.27	0.8286	-31.6772	-28.8696	-3.1738
	0.1006	-0.5298	0.9839	86.9751	7.2021	-3.7231
	0.1089	-0.1987	0.8691	-39.1235	-29.9072	-0.9155
	0.1313	-0.4966	0.9058	62.1338	6.7139	-5.127
	0.1523	-0.207	0.981	-50.7202	-25.7568	-1.1597
	0.1211	-0.4482	0.9067	76.416	1.6479	-9.3994
	0.2544	-0.2007	1.1484	-78.7964	8.1787	-0.6104
	0.0273	-0.4766	0.7783	105.4077	-16.6016	3.6011
	0.2344	-0.2705	1.0908	-70.6787	12.7563	-5.0659
	0.0527	-0.4316	0.7495	86.9141	-3.8452	2.5635
	0.0386	-0.4082	0.8501	-18.4326	23.6206	-7.6904
	0.3296	-0.2017	1.0337	48.1567	26.3062	9.0332
	0.0049	-0.4346	0.5415	-50.4761	-54.1992	5.0049
	0.1802	-0.3218	1.1431	-42.8467	53.772	11.2305
	0.189	-0.3979	1.0811	-104.126	-82.5806	10.8643
	0.0737	-0.4448	0.8804	56.0303	24.292	-25.3906
	0.3438	-0.4634	1.3296	-32.1655	-5.188	-0.8545
	0.0601	-0.3179	0.6177	18.6768	-18.6768	7.5684
	0.3882	-0.5142	1.4473	-46.2036	10.7422	-7.5073
	0.1279	-0.2822	0.7549	2.2583	-6.897	2.8076
	0.2422	-0.519	1.2441	-56.8848	46.5698	-10.437
	0.1431	-0.2017	0.563	7.4463	-21.4844	15.7471
	0.0732	-0.5571	1.0503	-82.3975	58.1055	-15.1978
	0.0723	-0.1162	0.6064	11.6577	-14.4043	19.9585
	-0.0459	-0.521	0.5303	-56.9458	13.855	-2.6855
	0.5298	0.1084	1.2544	0.1831	28.0762	22.4609
	-0.0991	-0.4624	0.2778	-52.9175	-35.6445	12.3901
	0.3306	-0.2788	1.0171	-23.0713	74.707	-14.4043
	0.0181	-0.4336	0.7666	-86.853	-117.5537	4.8218
	-0.0073	-0.4272	0.6992	33.3862	32.2266	-28.5034
	0.4717	-0.3926	1.5625	-112.1216	-43.9453	12.6343
	-0.0493	-0.4526	0.6519	29.1138	-9.3384	1.6479
	0.4517	-0.5581	1.6104	-61.8896	12.5732	-19.4702
	0.0801	-0.2104	0.6616	8.4229	-2.6855	12.207
	0.2305	-0.6431	1.3457	-54.5044	49.1943	7.1411
	0.1279	-0.2134	0.686	-23.6206	-29.3579	11.1694
	0.1206	-0.6016	1.0928	-59.9976	57.9224	-13.7329
	0.0083	-0.1621	0.6357	-8.606	-15.8081	19.4092
	0.0249	-0.6172	0.9619	-60.4248	67.2607	-11.4746
	-0.0493	-0.1069	0.5947	-17.0898	-87.4634	4.1504
	-0.0229	-0.6025	0.7324	-45.105	66.9556	-13.0615
	-0.1992	0.0107	0.7607	-43.0298	-112.9761	-17.2729
	-0.1772	-0.4375	0.3208	15.9912	55.8472	-9.4604
	0.3638	0.0864	1.2759	37.5366	-36.6211	17.9443
	-0.144	-0.4214	0.1948	-29.7852	5.6763	6.4087
	0.6411	-0.1914	1.2681	50.2319	18.1274	-7.5073
	-0.0605	-0.3184	0.2686	-58.5938	-98.1445	14.6484
	0.1997	-0.4287	0.876	88.3179	62.5	-33.3252
	0.2866	-0.334	1.4517	-166.5039	-103.0884	18.1885
	-0.022	-0.4194	0.6436	46.5088	12.3901	4.0283
	0.5391	-0.5166	1.771	-69.519	2.5635	-19.104
	0.123	-0.1958	0.6401	5.188	-2.5024	18.2495
	0.2441	-0.6606	1.2368	-51.3306	37.1704	-11.1694
	0.2217	-0.1626	0.9004	-37.1704	11.3525	5.9814
	0.0337	-0.6738	0.7974	-27.6489	-11.2915	-8.8501
	0.4741	-0.0332	1.2559	-124.8169	42.9077	22.7051
	-0.0557	-0.6094	0.603	-89.6606	-107.5439	14.1602
	0.3081	-0.2769	1.0996	-53.6499	56.2744	-22.4609
	0.0142	-0.3984	0.6421	-96.8628	-147.9492	6.1646
	0.1348	-0.5791	0.5815	132.8735	24.0479	-30.7007
	-0.0342	-0.2153	0.6401	-85.9985	-133.667	5.4321
	-0.0234	-0.564	0.5669	128.9062	-3.6011	-35.8887
	0.2783	-0.0981	1.3633	-168.9453	-45.7764	16.0522
	-0.0498	-0.5703	0.4204	83.4961	-86.1816	-10.9863
	0.5786	-0.105	1.7437	-170.105	8.9722	12.5122
	-0.0552	-0.5142	0.4595	7.9346	-62.3779	4.3335
	0.5215	-0.4028	1.5244	-63.7207	51.8799	-14.5264
	-0.1055	-0.3691	-0.0527	60.5469	-107.2388	3.2959
	0.0039	-0.4302	0.71	18.2495	122.3755	-25.5127
	-0.2153	-0.1436	0.3423	-4.4556	-99.3042	-26.8555
	-0.23	-0.4136	0.1719	4.6997	16.6016	-13.855
	0.5146	0.2749	1.3833	45.7153	-9.6436	17.6392
	-0.1069	-0.2676	0.2461	-40.8325	-49.3774	10.1929
	0.1685	-0.5488	0.8916	72.876	64.6973	-11.4136
	0.1294	-0.3037	1.0352	-60.1196	-37.2314	3.0518
	0.061	-0.4736	0.7134	37.3535	-0.8545	-5.0049
	0.5137	-0.479	1.6182	-65.4907	8.1787	-5.127
	0.0796	-0.3062	0.6636	33.0811	-10.9253	2.1973
	0.3628	-0.666	1.4653	-30.5786	48.1567	-20.9351
	0.1274	-0.1851	0.5801	-32.7148	-17.334	20.9351
	0.0605	-0.7432	0.9604	-71.4111	85.8765	-28.8696
	0.1177	-0.1494	0.7886	-69.8242	-44.4946	7.9956
	-0.0322	-0.8384	0.8486	-27.1606	14.2212	-14.0991
	0.2808	-0.1279	1.0898	-112.3047	-14.9536	30.8838
	0.5518	-1.0186	2.4189	41.0156	-16.9067	7.9956
	0.0981	-0.48	1.0513	17.9443	15.9912	-13.4888
	0.6963	-0.8599	2.02	-67.0166	48.0957	3.7842
	-0.02	-0.2344	0.6777	8.7891	10.7422	9.0942
	0.3618	-0.9468	1.6382	36.0107	47.3022	24.8413
	0.0884	-0.1611	0.7271	11.7188	-4.3335	-1.709
	0.1885	-0.8408	1.0298	12.8784	4.5776	-8.4229
	0.1206	-0.1602	0.9731	9.6436	3.2349	-1.0986
	0.1802	-0.7607	1.0454	0.6104	-36.5601	2.5635
	0.0762	-0.3101	1.0273	30.7007	38.4521	-6.1035
	0.4673	-0.7378	1.686	-48.0347	8.606	4.8218
	-0.0356	-0.2905	0.7002	25.2075	26.4282	8.9722
	0.3936	-0.916	1.6758	22.8882	27.2827	2.4414
	0.0942	-0.2212	0.6895	12.3901	-10.8643	2.1973
	0.165	-0.8306	1.1846	13.3057	20.9961	0.061
	0.061	-0.2051	0.7456	-2.9907	-10.9253	-0.6104
	0.127	-0.7422	0.9077	19.3481	-18.9209	1.4038
	0.2178	-0.1875	1.0986	3.418	25.0244	-0.9766
	0.1465	-0.6245	0.9736	16.2964	-42.8467	-3.0518
	0.127	-0.2983	0.9268	26.123	27.71	-9.6436
	0.2344	-0.4517	1.002	74.2188	-14.5874	5.4932
	-0.0229	-0.2642	0.6138	-23.0103	-29.48	-1.77
	0.1025	-0.6851	0.6987	84.8389	17.8833	1.5259
	-0.0444	-0.0938	0.584	-12.8174	-33.6304	-1.5259
	0.0396	-0.8501	0.8423	106.8726	10.3149	-4.3335
	0.0972	-0.0874	0.9189	-23.4375	-5.7983	4.1504
	0.2173	-0.939	1.1816	98.0835	19.7144	-4.9438
	0.2861	-0.127	1.2251	4.5166	11.2305	3.418
	0.1055	-0.5864	0.8467	116.1499	2.6855	-9.8267
	0.0708	-0.2588	0.7568	17.0898	66.8945	-7.7515
	0.1753	-0.7505	0.8965	140.564	-0.3052	-3.9062
	-0.0625	-0.2969	0.542	29.7852	23.7427	10.0708
	0.2388	-0.4922	1.0854	83.4961	30.8228	18.0664
	-0.0156	-0.251	0.5552	-32.7148	-26.123	-5.6152
	0.1372	-0.4512	0.7397	40.7104	-2.1973	-3.7842
	0.1143	-0.2573	0.9639	-69.6411	-41.748	6.897
	0.0474	-0.4282	0.728	67.627	-4.1504	-9.8877
	0.2407	-0.3438	1.0884	-61.4014	-4.5776	-2.1362
	0.1289	-0.7847	1.0767	19.043	-2.6855	6.4697
	0.106	-0.2778	0.9243	25.2686	23.9258	-5.188
	0.1338	-0.6187	0.9468	70.6177	14.8926	-4.2725
	0.0557	-0.2896	0.7485	1.4648	-8.9111	-1.5259
	0.0933	-0.7056	0.9116	54.5044	22.644	1.5869
	-0.0635	-0.1958	0.6152	7.0801	-36.8652	-6.4697
	0.1201	-0.5781	0.6743	72.998	-21.4844	-2.6855
	0.0806	-0.1865	0.8457	-28.5034	0.0	-2.0752
	0.0781	-0.54	0.9375	99.3042	1.6479	-12.6343
	0.1221	-0.1685	0.8535	-58.5938	-27.9541	3.2959
	0.1401	-0.4619	0.8359	106.3232	-17.5171	-13.1226
	0.2598	-0.2446	1.0059	-54.2603	10.1318	-3.2349
	0.0107	-0.3848	0.7148	80.6885	6.2256	0.3662
	0.0312	-0.3965	0.689	-48.0957	-9.5215	-4.0283
	0.2549	-0.291	0.916	39.5508	24.5972	-5.3101
	0.1948	-0.4092	0.9927	-65.2466	-44.9219	9.3994
	0.144	-0.4302	0.8882	30.2734	-1.709	-15.0757
	0.1763	-0.4775	1.0254	-21.6675	7.1411	-5.0049
	0.1069	-0.3335	0.8921	40.9546	-1.77	-10.9253
	0.1411	-0.4004	0.876	-36.1938	-29.3579	-12.085
	0.2588	-0.5483	1.1685	13.855	-11.1084	-10.0098
	0.0127	-0.2915	0.6357	9.6436	-17.0288	6.897
	0.564	-0.7432	1.8364	-18.0664	51.8799	4.3335
	0.1279	-0.1831	0.6504	32.1655	-22.7661	8.9111
	0.3076	-0.5391	1.251	-73.4253	70.1904	4.8828
	0.1655	-0.314	0.77	49.8657	1.3428	-0.2441
	0.3604	-0.5073	1.3086	0.9155	63.2324	-13.6719
	0.0732	-0.2041	0.6777	22.9492	-5.9204	-4.1504
	-0.0269	-0.7427	0.8057	-52.002	24.0479	-18.1885
	0.0352	-0.2241	0.7412	26.4282	23.4375	-13.9771
	-0.084	-0.7842	0.6729	-13.1836	0.3662	-8.7891
	0.25	-0.1816	1.3325	-77.9419	25.5737	1.1597
	0.0718	-0.7378	0.8325	-57.0068	-98.999	12.6953
	0.4209	-0.0371	1.2583	-87.8906	16.7236	-0.3052
	0.1299	-0.6265	0.7832	-77.1484	-153.6865	25.8789
	0.1045	-0.4702	0.9932	31.9824	20.6909	-40.6494
	0.4189	-0.6499	1.6133	-40.4663	-9.3384	6.7139
	-0.0801	-0.3457	0.6855	19.5312	32.7759	4.8828
	0.3213	-0.938	1.8145	97.1069	68.5425	29.2358
	0.0254	-0.2339	0.5615	31.5552	16.4185	11.9629
	0.186	-0.5522	1.1216	79.6509	49.7437	2.6245
	-0.04	-0.1821	0.6206	-32.4707	-37.1704	0.0
	0.1216	-0.4771	0.8042	81.8481	-13.0005	-6.2256
	0.1655	-0.1602	1.0273	-40.9546	-1.5869	5.188
	0.0625	-0.4761	0.8311	123.3521	2.5024	-5.4932
	0.1187	-0.1738	0.7446	-21.1792	21.4233	-4.0894
	0.2886	-0.2295	0.9741	99.1821	23.4375	5.127
	-0.0234	-0.2197	0.5254	-33.9355	-9.7656	2.1973
	0.229	-0.4014	0.7285	52.6733	49.4385	-5.6763
	-0.063	-0.2456	0.582	-50.2319	-50.9644	-2.4414
	0.0796	-0.4395	0.7578	28.9917	18.9819	-22.522
	0.0903	-0.1831	1.0083	-77.3315	-20.9351	4.6997
	0.0225	-0.5264	0.6685	147.7661	-13.6108	-7.0801
	0.105	-0.1616	0.8979	-70.1904	-56.8237	0.061
	0.3569	-0.332	1.3257	78.186	20.9351	-9.2773
	0.0161	-0.0977	0.4048	-35.2783	-2.5024	5.0049
	0.4629	-0.1782	1.0181	147.522	-29.1138	-25.6958
	-0.0034	-0.0361	0.3047	-5.0049	3.8452	6.5308
	0.3491	-0.2959	0.9663	183.2886	38.6963	1.2207
	-0.0117	-0.1016	0.2969	33.6304	-4.6387	-3.2959
	0.2036	-0.8286	1.0098	96.1914	78.064	20.1416
	-0.0176	-0.0835	0.4756	30.5176	-0.7324	-7.8735
	0.1416	-1.1431	1.1777	22.4609	38.6353	16.8457
	-0.0308	-0.127	0.7935	-5.3101	-9.2163	-8.3618
	0.0654	-1.1836	1.272	17.6392	-51.0864	-3.9673
	0.1621	-0.1128	1.437	-25.9399	-42.3584	5.0659
	0.0669	-1.0586	1.2319	-25.8179	-78.4302	34.729
	0.4346	0.043	1.1846	-117.7368	-21.0571	1.2207
	0.0454	-0.708	0.7915	-99.3042	-195.5566	15.9912
	0.0713	-0.2881	0.8765	0.7324	44.7388	-43.396
	0.7793	-0.7944	2.5747	-97.29	-18.9819	19.4702
	0.0156	-0.459	0.7266	41.3818	27.0386	-13.6108
	0.6411	-1.689	1.8979	75.0732	119.1406	15.5029
	-0.0635	-0.1606	0.5742	21.2402	30.0293	12.0239
	0.356	-0.6626	2.0884	152.5879	139.8315	76.5381
	0.0127	-0.1021	0.5054	39.1846	2.6245	9.7656
	0.3301	-0.6548	1.3618	133.606	97.9004	33.0811
	0.0171	-0.0864	0.5132	11.1084	-11.9629	-0.3662
	0.1724	-0.647	0.9126	80.3223	49.9268	-2.7466
	0.0229	-0.145	0.7002	-21.6064	-12.6953	-3.0518
	0.1069	-0.8032	1.0181	51.4526	-10.8032	-0.7935
	0.1147	-0.1025	1.0938	-38.6353	-20.4468	6.1646
	0.127	-0.7485	1.0376	138.6719	48.0347	0.2441
	0.2949	-0.0171	1.2129	12.9395	19.2871	4.5776
	0.2031	-0.9878	1.2183	202.1484	56.7627	-16.9678
	0.1172	-0.1729	1.0952	-18.9819	77.8198	-14.7705
	0.0664	-0.7817	0.9287	217.9565	89.2944	4.2725
	-0.0483	-0.3076	0.6592	41.1377	80.7495	-5.249
	-0.0264	-0.3003	0.853	200.3174	45.4712	39.4897
	-0.1265	-0.2729	0.4526	17.8223	49.6826	12.5122
	0.6201	0.0229	1.3076	31.6162	-111.4502	4.6387
	0.0034	-0.2393	0.3984	-23.4985	-46.814	20.813
	0.3242	-0.25	0.9697	-31.0059	71.167	-30.3955
	0.0122	-0.3208	0.6812	-62.0728	-67.4438	1.9531
	-0.0439	-0.4199	0.6841	-46.875	37.9639	-41.1987
	0.0859	-0.2485	1.0156	-101.7456	-53.4058	1.5869
	-0.1245	-0.5142	0.7261	-28.5034	-27.4048	-10.8032
	0.2759	-0.2837	1.4224	-119.3848	-50.6592	10.376
	-0.0068	-0.4248	0.7544	-5.5542	-18.9209	7.8735
	0.4023	-0.209	1.3345	-38.147	-7.3853	-1.4648
	0.1431	-0.2715	0.6924	22.7051	-23.0713	12.3901
	0.4463	-0.2861	1.2251	-22.8882	12.7563	-11.5967
	0.1675	-0.2256	0.6987	-8.8501	-12.3901	9.0332
	0.0518	-0.5107	0.8745	-77.4536	37.5977	-17.9443
	0.188	-0.2241	0.8389	6.7139	32.7148	4.4556
	0.0581	-0.5835	0.7124	-46.5698	69.458	-13.0615
	0.123	-0.1055	0.6343	-11.5356	55.2979	3.0518
	0.1997	-0.5347	0.8481	-34.9731	48.0957	-3.9062
	0.1558	-0.1167	0.8315	-75.2563	25.2686	7.3853
	-0.166	-0.6113	0.418	-90.271	2.6855	-7.3242
	0.3721	-0.0215	1.252	-71.8994	23.4985	30.7007
	-0.2246	-0.5762	0.2974	-73.7305	-28.8696	6.958
	0.5908	-0.0293	1.0981	-92.7124	84.8999	0.5493
	-0.0259	-0.5571	0.5654	-68.3594	-137.8174	24.5361
	0.1807	-0.3047	1.1245	-91.1865	106.0181	-50.1099
	0.0527	-0.4404	0.8545	-84.8999	-154.7241	8.1177
	-0.0957	-0.4126	0.7153	11.2915	50.7812	-28.3813
	0.3525	-0.3667	1.5171	-92.1631	-95.2148	3.1128
	-0.0625	-0.4741	0.7456	23.9258	8.606	2.0752
	0.8037	-1.0869	2.2471	7.1411	60.0586	6.1035
	-0.0093	-0.2871	0.6167	18.6157	18.7988	12.5732
	0.3721	-0.2383	1.3271	127.0142	38.9404	27.5269
	0.0215	-0.252	0.521	15.0757	-18.8599	2.8687
	0.3486	-0.374	0.938	18.9819	54.3823	-37.5366
	0.0083	-0.2388	0.5259	-25.2075	-53.1006	-2.8076
	0.0918	-0.5068	0.8232	9.5825	59.2651	-25.9399
	-0.0317	-0.1357	0.5586	-27.3438	-14.3433	-6.8359
	0.0698	-0.6035	0.7534	170.0439	53.5889	9.8877
	-0.0713	-0.041	0.5127	28.5645	-8.5449	-3.9673
	0.3486	-1.7456	1.5757	76.355	33.8745	-10.437
	0.0103	-0.1108	0.9028	-6.7749	-18.1274	-2.0752
	0.209	-1.4194	1.5098	126.4038	26.4893	-0.7324
	0.2061	-0.103	1.1978	-47.8516	-36.2549	11.4136
	0.5732	-1.2554	2.0347	95.0928	-32.7148	-2.1973
	0.1963	-0.0776	1.0425	-101.1353	-56.0303	16.8457
	0.1772	-0.8149	1.0444	-53.2227	-123.6572	24.6582
	0.3369	-0.0845	1.147	-123.3521	-9.2163	6.958
	0.1802	-0.7393	1.0659	-68.4814	-160.6445	17.5171
	0.3257	-0.2563	1.4565	-95.3369	65.3076	-24.353
	0.1763	-0.5781	1.0771	-49.8657	-191.4062	-2.7466
	0.0015	-0.4512	1.126	-15.8691	71.167	-64.0259
	0.2095	-0.4355	1.2568	-72.876	-214.1724	-8.0566
	-0.0264	-0.5537	0.8472	23.9258	44.7388	-25.2686
	0.8516	-0.3872	2.353	-157.7148	-137.4512	6.7749
	-0.0342	-0.3096	0.8032	9.8877	1.1597	10.2539
	0.4424	-0.6982	1.7671	55.2979	-5.127	-45.0439
	0.1738	-0.1445	0.8516	43.7622	-7.3853	3.54
	0.2964	-0.8481	1.3267	210.144	150.6348	66.7725
	0.0435	-0.0317	0.4717	58.4717	8.5449	-1.0376
	0.189	-0.5508	0.9355	127.8076	72.0825	14.5264
	0.0166	-0.0781	0.6128	8.9111	-22.644	-1.77
	0.2271	-0.5708	0.7676	166.8091	13.0005	3.7842
	0.2007	-0.1089	1.0791	-49.5605	-32.1045	9.5215
	0.2744	-0.8774	1.4624	157.3486	29.8462	-4.3335
	0.2393	-0.1953	1.1821	-40.5884	33.6914	-9.7046
	0.311	-1.2202	1.7275	234.9243	33.3252	-36.1328
	0.0171	-0.4492	0.8994	7.9956	26.4282	-29.1748
	0.2017	-1.0513	1.3779	241.5771	90.332	2.8076
	-0.0078	-0.3237	0.7305	52.7344	69.8242	12.146
	0.1948	-0.8389	1.5171	239.9902	137.5122	35.5835
	0.0806	-0.3159	0.625	-9.4604	80.8105	32.8369
	0.3267	0.2861	0.4507	171.875	-83.374	12.7563
	0.1899	-0.1016	0.4893	16.6016	8.3008	21.1792
	0.5552	-0.186	1.1006	48.7671	-73.7305	-40.5884
	0.2334	-0.1865	0.4165	-10.6201	13.3057	42.6636
	1.0239	-0.6865	1.6118	31.0059	41.9922	26.4282
	0.3242	-0.2744	0.4541	-28.6255	78.9795	36.6211
	0.395	-0.8994	1.3096	-36.499	82.0923	24.353
	0.3252	-0.335	0.6978	-67.0776	314.8193	72.6318
	0.0166	-0.6875	0.5396	4.0894	-307.0679	-91.7969
	0.1567	-0.646	0.71	-186.5234	568.7256	74.5239
	0.0425	-1.022	0.5288	-9.0942	-119.1406	-25.3906
	0.0498	-0.9619	0.5063	-97.9614	-309.6924	-41.5039
	0.4761	-1.0483	0.7583	20.2026	-32.959	18.7988
	0.2593	-0.9927	0.4624	-21.3013	100.708	9.8877
	-0.167	-1.0273	0.6348	13.4277	-10.0098	-2.4414
	0.0332	-1.0659	0.543	-15.686	7.8125	-6.958
	0.1968	-0.9561	0.5239	7.9346	2.8076	0.6104
	0.1719	-1.0225	0.5234	5.8594	-3.9673	5.3711
	0.1509	-0.9946	0.5386	-5.0049	6.897	3.7842
	0.1147	-1.0166	0.5586	-17.395	75.3784	-25.5127
	0.0942	-0.9414	0.5898	21.1792	-56.0913	10.7422
	0.2681	-0.9653	0.5615	-18.4326	1.8311	34.3628
	0.2417	-1.0049	0.5288	2.6245	-9.0942	3.7231
	0.2979	-0.5791	0.7822	-32.3486	-561.7065	83.9844
	0.3618	-1.7969	0.3096	-511.6577	468.4448	18.7378
	0.3354	-1.1079	0.3989	3.6011	60.4858	-9.1553
	0.6538	0.166	-0.1382	254.8828	-1384.5825	-473.3276
	-0.3174	-0.5654	0.1392	152.4048	123.1689	236.5112
	0.7285	-1.9185	-0.4131	68.8477	226.6846	417.7246
	0.8696	-1.2212	0.0	-163.9404	123.3521	95.2759
	0.5581	-1.1299	-0.2148	132.3853	572.2046	-46.5698
	0.3291	-1.3809	-0.1035	-8.9722	-39.6118	-262.5732
	0.1006	-0.9263	-0.2075	-56.3354	18.4326	-308.1665
	0.7412	-1.2407	0.5366	-259.7656	1475.647	-97.4121
	1.1006	-0.8892	1.5005	140.686	259.7656	26.7944
	0.2271	-0.0186	0.5703	175.9033	-14.7095	-92.5903
	0.3521	-0.6138	1.2319	-17.6392	77.2705	-41.5649
	0.2329	-0.2676	1.1021	3.0518	40.4053	-18.6157
	0.2358	-0.3442	1.0454	31.5552	53.7109	-93.4448
	-0.2007	-0.1343	0.6416	36.1938	110.1074	-22.522
	0.022	-0.2422	0.8457	-32.8979	-144.165	-1.4648
	-0.1313	-0.9595	0.8701	9.5825	-22.8271	102.7222
	0.437	-1.7319	2.9102	-524.7192	209.8999	33.8745
	0.645	-1.5825	-0.5078	854.0649	22.3389	283.2031
	0.4443	0.0615	-0.3057	-405.7617	114.563	38.8184
	0.5894	-0.1353	0.8521	-66.4062	102.356	170.9595
	-0.7285	-0.8813	2.5615	11.0474	134.9487	194.7632
	0.8145	0.625	0.5005	77.5146	6.1646	10.376
	-0.7725	-0.271	1.6699	263.2446	28.9917	-78.4912
	0.0518	0.2715	-0.9878	231.8115	-2.7466	108.3374
	-0.1704	-0.397	1.1626	-672.8516	326.7212	-53.6499
	-0.1455	-0.6934	1.4819	566.8945	-105.5298	366.9434
	0.9067	0.4946	-0.5981	14.5264	-91.7969	-122.1313
	-0.355	-0.2207	1.6455	-636.2915	222.168	-129.0894
	-0.2832	-0.1685	0.3872	515.7471	-105.4688	187.3169
	0.2397	0.292	0.0386	11.4746	39.7339	6.3477
	-0.4668	-0.269	1.0991	-470.2759	26.062	-211.6699
	-0.5332	-0.4839	1.4414	-31.8604	-79.0405	-94.9707
	-0.853	-0.6675	1.3052	226.3794	72.8149	248.5962
	0.418	0.1719	-0.0146	345.1538	-153.1982	294.9829
	0.7681	0.583	0.1201	-64.1479	50.0488	4.2725
	0.0532	0.1821	0.8589	-105.957	21.7896	-528.0762
	-2.1416	-1.3662	1.6172	473.4497	167.1143	182.6172
	0.1128	0.2842	-0.4722	165.7104	-127.5024	247.8638
	0.8662	0.3438	0.2417	-479.4312	166.1377	-75.4395
	-1.2705	-1.0786	2.2251	-228.0884	58.4106	-231.6895
	-0.3618	-0.5054	0.7769	338.0127	-59.5093	225.2808
	0.395	0.5112	-0.0732	3.0518	6.958	68.8477
	0.1567	-0.0659	0.833	-289.978	74.2188	-240.1733
	-1.6899	-1.4062	2.2729	-59.5093	7.8125	-50.9644
	0.1196	-0.562	0.6216	410.6445	31.6772	391.9678
	0.3501	0.3057	-0.2549	290.1611	58.4717	237.6709
	1.0444	0.7886	0.1216	-41.626	-2.3804	-123.23
	-0.3315	0.1787	0.4712	-254.6387	-70.7397	-370.4224
	-0.6094	-0.459	1.103	-342.8345	-51.4526	-176.6357
	-0.7607	-0.8057	1.6416	65.2466	1.9531	6.5308
	-0.3628	-0.4478	0.8901	250.0	48.4009	300.7812
	0.4204	0.0908	-0.04	387.6953	-61.3403	344.0552
	0.877	0.8979	-0.2378	97.1069	-72.5708	60.73
	0.5259	0.8027	-0.0303	-56.2134	27.9541	-131.3477
	0.2788	0.5103	0.1904	-234.8633	14.7095	-246.521
	-0.7109	-0.269	0.896	-328.9795	48.2788	-319.0308
	-0.8843	-0.5229	1.4634	-111.8774	-13.3667	11.9019
	-0.5234	-0.4023	0.9199	171.5088	8.4839	172.3633
	-0.1543	-0.1968	0.5947	244.2627	72.937	439.8804
	1.1499	0.7925	-0.0249	175.4761	-75.6226	107.9102
	0.5098	0.7559	-0.0513	-83.7402	-119.5068	-222.7173
	0.2178	0.2412	0.3613	-270.6909	78.0029	-240.9668
	-0.9663	-0.8711	1.5142	-395.6299	-57.6172	-271.1792
	-0.8257	-1.0293	1.3213	190.1855	-7.8735	270.0195
	0.1357	-0.4268	0.4663	358.7036	11.2305	421.0815
	0.6689	0.5869	0.1748	103.5767	-57.312	229.9805
	0.2397	0.8057	0.6509	25.2075	-100.0977	-202.8809
	0.3564	0.7529	0.02	100.1587	-12.2681	-69.519
	0.0664	0.3857	0.0952	-324.7681	-165.5273	-221.3135
	-0.5747	-0.3115	0.9888	-406.311	36.438	-130.3101
	-0.5229	-0.4077	1.2427	-96.9238	52.4902	-16.8457
	-0.8188	-0.5957	1.3047	63.9038	-100.8301	89.4165
	-0.2422	-0.3486	0.7544	308.2886	-72.876	280.4565
	0.5557	0.437	0.0952	274.7192	-57.1289	197.4487
	0.8188	0.8921	-0.3501	112.1826	-29.9683	-12.8174
	0.1562	0.1626	-0.0039	-424.9268	-163.7573	-314.4531
	-0.4819	-0.5142	1.2095	-422.9126	-24.6582	-237.915
	-0.8569	-0.7666	1.6245	128.2959	11.5967	93.0176
	-0.0503	-0.3193	0.7554	326.1108	13.1836	369.9341
	0.5977	0.5747	0.0806	235.7178	65.3076	183.6548
	0.8862	0.7632	0.3325	8.5449	-12.2681	-118.2251
	-0.4375	0.4287	0.3306	-163.5742	-99.6704	-297.4854
	-0.8906	0.0229	1.0107	-311.4014	-169.6167	-82.8857
	-0.1489	-0.0142	1.2578	102.7222	-38.8184	253.2959
	0.2241	0.4556	0.5664	212.2192	44.9829	75.9888
	0.0811	0.7017	0.2603	25.2686	114.624	-130.0049
	-0.9517	0.5737	0.4897	-83.0078	41.626	-95.7031
	-0.0435	0.4595	1.2422	208.0688	-419.8608	130.6763
	-0.0356	0.707	0.0898	269.8975	-77.9419	18.8599
	0.1592	0.5278	-0.1167	281.189	-76.5381	16.1133
	-0.0947	0.6577	-0.7295	73.4863	-287.2314	-35.8276
	-0.0913	0.6484	-0.7056	-43.1519	29.541	7.6294
	0.0493	0.6812	-0.7979	-126.3428	396.6675	-23.6206
	-0.1406	0.6992	-0.1997	-216.1255	373.291	-111.5723
	-0.104	0.8179	0.1357	-93.0176	74.7681	-37.5366
	0.2793	0.8389	0.5146	199.4019	-815.6738	-103.3325
	-0.1816	0.7993	-0.2207	102.6611	-118.6523	-5.249
	0.1416	0.7959	-0.2769	-132.6294	786.6211	41.748
	0.085	0.8257	0.4038	-32.4707	-160.7056	-83.6182
	0.2246	0.9082	0.6392	228.1494	-816.6504	-151.7334
	-0.1216	0.8472	-0.2524	-31.25	504.7607	33.8745
	0.0718	0.7886	0.144	-123.9624	106.8726	-8.2397
	0.2949	0.8633	0.3818	159.668	-1004.5776	-155.3955
	-0.1943	0.9336	-0.2661	88.2568	362.5488	14.2822
	0.0532	0.7783	-0.1255	-207.3975	379.8218	-16.9678
	-0.0186	0.8467	0.1699	68.6646	-620.0562	-135.6201
	-0.4126	0.7114	0.3125	173.8281	-47.7905	-97.9614
	0.2783	0.9019	-0.2715	-204.4067	638.1836	45.5933
	0.0327	0.874	0.1284	-69.2139	162.9028	-8.9111
	0.708	0.9014	0.3091	215.0879	-1243.4692	-192.4438
	-0.2705	0.7998	-0.3208	74.707	258.4229	21.3013
	-0.1924	0.7607	0.0098	-97.9004	481.5063	58.96
	-0.2974	0.6646	-0.0601	-180.1758	165.6494	-24.8413
	-0.4424	0.748	0.3369	52.7344	-191.3452	-17.0898
	0.0581	0.7354	0.3496	184.021	-886.9019	-202.9419
	-0.1631	0.9053	-0.3804	2.6855	154.3579	59.1431
	0.2549	0.8315	0.0283	-207.1533	772.583	38.3301
	-0.0386	0.8174	0.5054	-80.6274	-10.9253	-34.9121
	0.0898	0.728	0.6992	232.666	-606.5063	-31.7993
	-0.4346	0.6855	-0.147	191.04	-29.6631	-122.4365
	-0.2896	0.6709	-0.5664	-76.9653	385.0708	12.5122
	0.4468	0.6855	-0.041	-347.8394	493.042	-68.2373
	-0.2759	0.6616	0.1367	-109.375	-60.4248	-197.2046
	-0.3687	0.5327	1.0874	7.3242	-178.1616	-65.918
	0.4468	0.6416	1.0288	305.6641	-580.0781	-89.9658
	0.0918	0.4595	-0.0508	423.7671	-209.5947	-210.7544
	-0.2583	0.5605	-0.9512	185.1807	34.5459	15.5029
	0.3315	0.7227	-0.4102	-365.3564	411.9263	-69.7632
	-0.6465	0.7275	-0.4399	-192.627	521.4233	-173.7671
	-0.5557	0.6714	0.0137	-111.4502	182.8613	-44.3115
	-0.0972	0.6206	0.6499	246.2769	-1221.3745	-130.0659
	-0.3457	0.6807	-0.2422	206.8481	-45.166	-77.0264
	0.0757	0.8525	-0.6484	-283.8135	976.5625	-27.5879
	-0.6191	0.8179	0.2197	-87.0972	186.7065	-46.6919
	0.4678	0.6787	1.0073	356.8726	-1078.0029	-174.7437
	-0.3335	0.8643	-0.8247	62.3169	329.5898	-63.2324
	-0.2974	0.749	-0.4697	-283.6914	488.8916	-102.5391
	-0.4707	0.7588	0.084	-116.6382	29.2358	-78.5522
	0.147	0.6562	0.8091	225.769	-783.2642	-290.1001
	-0.2397	0.6729	-0.3955	29.0527	732.3608	79.6509
	-0.1079	0.6826	0.5459	-196.5942	251.77	-49.8047
	-0.4697	0.748	-0.0996	60.1196	-416.748	-128.3569
	0.0723	0.771	0.9731	329.2847	-754.0283	-150.8179
	0.252	0.5991	-0.7554	-3.9673	708.0688	73.0591
	-0.0684	0.8086	0.4233	-83.5571	162.9028	-97.4731
	-0.3877	0.9316	0.0073	82.5195	-704.0405	-203.7964
	-0.3472	0.3652	0.834	327.3926	-408.9355	-255.6152
	-0.4771	0.5957	-0.5854	5.249	354.0039	-25.9399
	-0.3535	0.6025	-0.5273	-308.4106	519.104	-138.6719
	-0.7358	0.7256	0.2363	-57.7393	-558.4717	-213.623
	-0.0303	0.5503	0.4873	356.8726	-294.3726	-219.2993
	-0.292	0.5938	-0.6113	-99.2432	400.2075	5.6152
	-0.8335	0.6509	0.1602	-348.5107	320.5566	-95.2148
	0.1172	0.6284	0.5347	-72.3267	177.124	55.4199
	-0.5405	0.7241	0.7422	33.6304	-751.9531	-299.3774
	0.0454	0.29	0.498	590.5151	99.3042	20.3857
	0.0254	0.2339	-0.9854	228.8818	81.9702	-101.6235
	-0.4106	0.6465	-0.6108	-332.4585	175.0488	-49.4995
	-0.2163	0.5933	0.2744	-524.9634	-167.6025	-22.644
	0.2822	0.6201	0.9404	231.6895	126.2207	79.5288
	0.1919	0.8721	-0.6025	-66.04	88.2568	-82.3975
	-0.4727	0.6343	0.666	-349.8535	130.4932	-86.4868
	-0.0249	0.2153	0.6885	426.3916	87.3413	221.6797
	-0.0142	0.689	-1.3325	261.7798	-327.6978	-66.7114
	-0.1274	0.936	0.4312	-456.4209	151.062	7.2021
	-0.0654	0.5815	0.5649	311.2183	71.4111	102.8442
	0.0649	0.8994	-0.7036	45.8984	-115.0513	-34.9121
	-0.3315	0.8613	0.8369	-365.7837	156.7993	-19.104
	0.1089	0.5928	0.3794	318.4814	-87.8906	28.9307
	0.1201	1.0488	-0.8989	33.2031	60.8521	-13.9771
	-0.5879	-0.0947	2.2515	-70.6177	-74.8901	-3.54
	0.1201	0.5791	-2.478	499.939	-420.6543	100.9521
	0.0776	-0.189	1.0586	-652.2827	190.5518	65.8569
	0.0713	-0.3584	2.6143	158.8135	49.4385	184.3872
	1.1606	0.4858	-0.6885	-148.9868	-264.4043	6.1035
	-0.1265	-1.1074	2.4077	-488.9526	189.7583	-80.2612
	0.3237	-0.4961	0.748	300.5371	27.4048	241.5161
	0.9292	0.1118	-0.1538	-192.9932	-128.3569	-199.4019
	-0.7432	-1.8232	3.0151	260.498	115.5396	333.4961
	1.6357	0.9102	-1.1714	269.6533	-327.8809	99.1821
	-0.416	-1.2373	1.2788	-621.8872	13.4277	-135.1318
	0.5415	-0.9692	1.0039	558.96	59.3262	439.3921
	0.5454	-0.2588	-0.5854	-377.2583	-209.8999	-387.2681
	-0.6821	-1.5542	2.8765	313.7817	61.0352	275.8179
	1.9067	0.8477	-0.8882	331.7871	-220.52	114.9902
	-0.7471	-1.7388	2.2192	-758.4229	83.0078	-131.897
	0.7451	-0.3062	0.0806	595.2148	-83.374	341.3086
	0.7075	-0.0552	-0.8179	-404.9072	-26.123	-240.2344
	-0.2671	-2.0288	2.6875	-748.0469	155.4565	-130.249
	0.4067	-1.0098	0.4429	689.209	-40.2832	307.1289
	1.165	0.4463	-1.3262	59.3872	-213.8672	-16.2354
	-0.0229	-1.6504	1.7407	-736.2671	157.7148	-212.7686
	-0.061	-1.8511	1.5156	645.2637	67.3828	352.7832
	0.6753	0.2832	-0.6978	296.5088	-129.9438	72.6929
	0.3076	0.0347	-0.0728	-387.085	54.1992	-17.2729
	-0.4546	-1.8945	3.4312	-304.3823	164.6729	-65.2466
	0.063	-0.3315	-0.4424	655.7007	-145.9961	44.8608
	0.3809	0.2759	-0.6079	-216.2476	42.5415	2.6245
	-0.6079	-1.5259	2.3623	-823.9136	155.6396	-208.5571
	0.3164	-0.5181	0.6729	581.1768	-72.7539	213.562
	0.3516	0.4702	-0.6572	110.3516	-92.7734	-7.9956
	0.0078	-0.4829	1.3628	-696.3501	195.9229	-130.3101
	-0.1499	-0.8599	1.1245	565.979	-12.2681	249.8779
	0.5498	0.5352	-0.5537	187.3779	-91.7969	18.4326
	-0.0767	-0.5088	0.9277	-586.9141	92.1021	-146.4233
	-0.623	-1.4927	2.1074	434.3872	24.353	216.4307
	0.6831	0.4053	-0.5244	317.627	-69.519	133.3618
	-0.0503	-0.4609	0.3398	-640.686	35.4004	-222.4731
	-0.7656	-1.603	2.4375	429.0771	39.1235	273.9868
	0.6133	0.4395	-0.3525	242.0044	-103.3325	40.1001
	-0.0454	-0.2896	0.5664	-569.458	77.8198	-198.7915
	-0.7349	-1.3931	2.2417	399.6582	24.0479	247.0703
	0.6953	0.4521	-0.4663	300.7812	-104.187	72.1436
	-0.1582	-0.4116	0.98	-597.168	132.8735	-163.9404
	-0.5005	-1.0483	1.5068	555.2368	-24.4751	258.728
	0.6089	0.4614	-0.6641	90.7593	-81.7261	-26.3672
	-0.1606	-0.4819	1.0405	-563.1714	114.2578	-166.626
	-0.8535	-1.5854	2.019	566.04	-19.104	243.9575
	0.5708	0.4336	-0.5054	181.3354	-72.937	48.9502
	0.0659	-0.3022	0.3486	-599.5483	50.8423	-166.2598
	-1.1191	-1.708	2.6396	375.061	12.3901	186.2793
	0.3848	0.1343	-0.1802	380.6152	-92.2852	95.7031
	-0.0127	-0.0098	0.1343	-502.9907	85.5713	-51.8188
	-1.4473	-1.7759	2.8311	-33.6304	22.3389	-48.5229
	0.2944	-0.0273	-0.0596	434.3262	-52.7954	196.5332
	0.3647	0.3667	-0.3335	-324.585	18.1274	-34.9731
	-1.4927	-2.1118	3.2573	-401.7334	-99.3652	-168.1519
	0.4893	0.0342	0.1421	414.4287	-2.5024	220.0928
	0.269	0.2612	-0.1304	-327.0874	35.4614	-108.1543
	-1.2754	-1.6304	2.9111	-354.4922	-94.4824	-120.3003
	0.1865	-0.1089	0.3618	439.3921	-68.7256	176.1475
	0.2773	0.333	-0.5317	-161.377	-95.7031	-100.8911
	-1.1597	-1.6123	2.8198	-477.9663	-100.8911	-191.5283
	0.189	-0.2256	-0.1128	596.5576	-170.166	127.1973
	0.1987	0.4106	-0.0942	-373.7793	3.3569	-22.7051
	-1.1841	-1.5938	3.3398	-289.4287	9.2163	-83.374
	0.0674	0.1211	-0.0996	428.1006	-117.2485	84.1064
	0.2549	0.4736	-0.3423	-337.0972	-73.7915	-83.4351
	-1.2178	-1.5327	3.4756	-173.2788	-21.4233	75.0122
	0.4243	0.418	-0.0464	357.5439	-68.1152	77.8809
	-0.1787	0.0298	0.564	-538.5132	104.4312	-145.6909
	-0.5781	-0.9233	1.6465	495.9717	90.7593	312.0728
	0.3965	0.4268	-0.6626	277.6489	-82.2144	14.2212
	-0.7388	-0.4839	1.2593	-641.0522	122.8027	-193.4204
	0.2046	-0.2134	0.6802	542.7246	-71.5942	281.9824
	0.1978	0.6548	-1.0562	-112.854	-283.8135	-152.71
	-1.0635	-1.0161	2.8887	-296.9971	-50.7812	34.1797
	0.5015	0.4312	0.0649	402.4658	-169.7998	61.9507
	-0.0728	0.0894	-0.2002	-527.1606	-72.7539	-118.6523
	-1.2896	-1.9927	3.7969	124.5728	9.5215	342.5903
	1.3442	0.7417	-0.3037	353.1494	-69.8242	61.4014
	-0.7646	-0.8555	0.4087	-645.3247	153.8696	-232.9712
	-1.3955	-1.5659	2.043	-50.9033	-9.8267	137.5732
	0.1875	-0.1309	0.5391	-41.8701	-64.5752	119.4458
	-0.0342	-0.7705	2.1694	173.4619	99.3652	-125.9155
	-1.0083	-1.5063	0.5107	212.1582	-263.0615	-597.4731
	-0.6899	-1.4541	0.6074	-289.1846	219.7876	563.9038
	0.4746	-0.5923	1.5098	-35.4614	-70.6177	300.7202
	0.5039	-0.3213	1.4644	135.9863	-7.019	-221.8628
	-0.5757	-1.3403	0.7891	106.2012	-111.8774	-567.2607
	-0.978	-1.2734	1.1201	191.8335	98.3887	333.9844
	0.3569	-0.3066	0.2954	147.8271	-41.3208	409.1187
	0.9839	0.3521	0.4634	-227.5391	219.7266	108.8867
	-0.1182	-1.0117	1.4897	-219.7876	158.5083	-495.0562
	-0.7378	-1.4941	0.9492	502.3804	-18.3105	-111.2061
	-0.9741	-0.5215	0.2524	215.6372	-3.8452	178.1006
	0.7212	0.1753	0.1133	-37.7808	93.5669	412.4146
	0.8989	-0.4492	1.1631	-392.5171	192.627	-405.5786
	-1.5503	-2.0762	2.3184	137.207	281.0059	-219.5435
	-0.7168	-0.668	0.0293	382.9346	-94.4214	82.3364
	0.2803	0.0518	-0.1006	77.1484	66.6504	341.0645
	0.5781	0.0234	0.5503	-479.9805	51.3916	-145.9351
	-0.9873	-1.437	2.4937	-112.915	143.3716	-234.4971
	-0.7061	-0.8271	0.2222	577.1484	-168.6401	-26.123
	-0.2261	-0.0698	0.2227	116.8213	131.7139	311.7065
	1.0249	0.5557	-0.5576	-292.7856	113.9526	39.917
	-0.7734	-1.7192	2.3301	-355.4688	81.0547	-418.335
	-0.894	-1.2769	0.9268	506.0425	-51.4526	2.0142
	-0.603	-0.2734	0.4038	141.8457	75.9277	216.2476
	0.6689	0.3667	-0.0542	-36.6211	145.5078	198.1201
	-0.168	-0.8394	0.7505	-524.8413	80.1392	-424.0112
	-1.1821	-1.5122	2.1904	39.1235	65.7349	120.6665
	0.0669	-0.3184	-0.188	575.6226	-174.3164	150.1465
	0.2183	0.2759	-0.4707	-265.3809	-54.6875	95.3369
	-0.1484	-0.959	1.7075	-589.6606	140.9302	-335.3882
	-0.7188	-1.564	0.5054	793.1519	-53.894	114.624
	-0.5981	-0.2056	-0.2524	251.0376	-65.7959	119.3237
	1.1704	0.4604	-0.6885	-385.437	296.4478	329.1016
	-0.6206	-2.0586	2.4229	-457.9468	-44.0674	-542.1143
	-0.4106	-1.2358	0.2798	719.8486	-91.3086	170.7153
	-0.208	0.1724	-0.2188	129.0283	12.4512	105.3467
	0.6118	0.0713	-0.2031	-612.3657	124.6948	60.9741
	-1.209	-2.085	3.2944	-136.3525	191.2842	-216.8579
	-0.4258	-0.9497	-0.1411	700.5615	-233.1543	12.7563
	-0.187	-0.1763	-0.3354	193.1152	118.042	344.0552
	1.2173	0.2837	-0.04	-632.2632	286.1938	3.7231
	-1.0986	-1.9863	2.854	-266.1743	176.9409	-416.0767
	-0.562	-1.3174	0.4629	701.6602	-98.8159	137.3291
	-0.2231	-0.0054	0.0972	114.3799	108.2153	212.4023
	0.7212	0.3159	-0.3276	-70.4346	145.0195	144.7144
	-0.291	-1.1675	1.4424	-621.3989	213.3179	-274.5361
	-1.0811	-1.2896	1.3594	246.8262	-104.0039	-64.8804
	-0.1196	-0.9043	0.6787	510.9863	-15.8081	240.1123
	-0.1748	0.3667	-0.4897	3.0518	-60.4858	16.3574
	0.2461	-0.2324	0.5884	-571.2891	190.7959	-148.1323
	-0.8911	-1.0005	1.626	68.1763	17.2729	-26.4893
	-0.272	-0.4697	0.7129	101.0742	5.8594	-54.6265
	-0.3018	-0.4463	0.9341	-118.7134	99.8535	-31.5552
	-1.5347	-1.6089	1.9258	39.0625	42.7246	-35.4004
	-0.1587	-0.7178	-0.396	549.4385	-34.9731	269.3481
	1.145	0.3052	-0.7568	-445.3735	365.7837	201.7212
	-1.8184	-2.2954	3.1938	-281.0669	118.7134	-413.5132
	-0.1851	-0.1558	0.061	396.6675	-35.7056	236.3892
	0.7031	0.4106	-0.0522	-150.5737	83.313	23.6206
	-0.1216	-0.9009	1.1069	-554.9316	78.5522	-384.7656
	-1.4473	-1.9585	2.3237	258.3618	-28.8696	86.792
	0.0122	-0.2744	-0.0479	437.1948	-139.1602	181.8237
	0.3945	0.397	-0.3711	-32.3486	7.5684	90.8203
	0.2427	-0.7559	0.5825	-687.8662	184.3262	-289.0625
	-1.5381	-2.1611	2.3618	176.2695	17.8833	61.5234
	0.1621	-0.6421	0.1138	528.8086	-63.0493	324.5239
	0.0767	0.4224	-0.1558	20.9961	-98.6938	29.6021
	-0.1855	0.0923	1.0674	-333.0078	121.3379	-62.6221
	-0.4536	-0.0566	1.377	75.5005	-41.5649	29.541
	-0.0439	0.2026	0.7114	19.4702	-7.5073	-3.6011
	-0.1553	0.1772	0.9429	-19.043	26.4893	6.4087
	-0.188	0.1313	0.9302	32.1045	-15.5029	-20.813
	-0.2192	0.1465	0.918	-8.2397	15.686	8.7891
	-0.1797	0.1094	0.998	12.6953	-10.3149	-19.6533
	-0.2251	0.1304	0.9624	-14.7095	7.8125	14.8926
	-0.1055	0.1836	0.9204	2.7466	-6.8359	-7.3853
	-0.2524	0.1035	0.9214	1.2817	-11.5967	-5.9204
	-0.0903	0.188	0.9473	-0.3662	-1.8311	4.9438
	-0.2778	0.1069	0.9258	-1.0376	-6.4697	-10.2539
	-0.1348	0.1685	0.9233	-4.1504	10.437	21.9116
	-0.2251	0.1147	0.9053	7.6904	-13.9771	-22.644
	-0.1978	0.1206	0.9766	-5.0659	9.2163	21.7896
	-0.1714	0.1289	0.9404	8.9111	-14.2212	-21.1182
	-0.2764	0.0762	0.9736	-6.3477	1.77	4.6997
	-0.0967	0.166	0.9463	1.5259	2.1973	0.0
	-0.2803	0.0942	0.9224	-3.2349	-0.061	-1.4648
	-0.1133	0.147	0.9766	-3.54	7.2632	9.7046
	-0.2515	0.1143	0.9141	-6.2256	-7.1411	-17.5171
	-0.1182	0.1387	0.9385	-4.9438	10.1929	13.7329
	-0.1641	0.1123	0.9722	3.1738	-2.6245	-7.3242
	-0.3047	0.0698	0.9819	-5.9814	-3.8452	-0.6714
	-0.1738	0.1016	0.9658	3.2959	-0.6104	-3.1738
	-0.2441	0.1099	0.9214	-10.6812	-0.3052	-4.1504
	-0.167	0.1172	0.9482	10.8643	-5.0049	0.1221
	-0.2227	0.1152	0.9346	-7.9956	0.6104	-1.6479
	-0.1763	0.1274	0.9438	-2.6245	5.7983	7.6904
	-0.2617	0.0952	0.937	-2.6855	2.1973	1.4648
	-0.1597	0.1362	0.9351	0.5493	5.249	-0.2441
	-0.2783	0.0693	0.9365	4.0894	-3.479	-3.6621
	-0.1514	0.1489	0.9165	1.77	-1.0986	5.6763
	-0.1958	0.1045	0.9243	5.6763	-10.1318	-14.6484
	-0.0635	0.2188	0.6377	-59.5703	28.2593	12.3901
	-0.3848	-0.4771	0.9858	-267.2119	60.2417	-170.2881
	-0.688	-1.2207	1.6655	451.1108	-60.3027	208.0688
	0.0205	0.3408	-0.0205	198.9746	-46.3257	44.6167
	0.2202	0.3604	-0.1201	-107.7881	-4.0283	-29.7241
	-0.5537	-0.8623	1.7446	-481.0791	89.5386	-159.4849
	-0.4912	-0.6304	1.2578	128.6011	-46.5088	12.207
	-0.1987	-0.1689	0.6777	78.7354	-34.2407	60.3027
	-0.2114	-0.1079	0.8872	-27.2827	10.0708	-29.9072
	-0.4233	-0.2534	1.1328	8.728	7.5073	16.2354
	-0.2139	-0.062	0.9639	67.627	-20.6909	11.7188
	-0.2002	0.0874	0.4395	116.8213	-17.8833	13.4277
	0.2402	-0.2031	0.1802	-391.9678	239.624	-88.8672
	-1.4575	-2.4033	3.0757	-263.4277	-60.73	-125.0
	0.1577	-1.1831	-0.1143	716.6138	-146.5454	273.9258
	-0.3501	0.188	-0.6567	166.1987	33.3252	113.4033
	0.7471	-0.4268	0.084	-826.1108	326.9653	-91.1255
	-1.4585	-2.5669	2.4688	-340.21	91.1255	-393.3716
	-0.4614	-1.8647	1.3647	379.3335	132.5684	462.5244
	0.1328	-0.0146	-0.5815	522.2778	-321.6553	23.6206
	0.0986	0.1626	-0.9038	-234.0698	-27.8931	77.7588
	-0.1855	-1.5234	1.4136	-697.937	258.2397	-321.7163
	-1.4385	-1.8208	1.5815	243.7744	-44.7388	75.9888
	0.2759	-0.9302	0.2051	583.4961	-126.3428	328.4912
	-0.3047	0.3618	-0.7422	81.7871	-99.9146	27.4658
	0.5938	-0.4087	0.3081	-730.5298	232.3608	-187.8662
	-2.1992	-3.2627	2.9053	-277.0386	70.4956	-372.9858
	0.6211	-1.502	0.0913	616.1499	58.4106	601.7456
	0.3203	0.4395	-1.6479	232.3608	-282.4707	-10.3149
	0.0103	-1.5518	0.8564	-969.9707	375.1831	-283.9355
	-1.4102	-2.9731	2.1118	666.3818	58.1665	505.3101
	0.5703	-0.1382	-1.0195	533.5083	-238.7085	128.418
	0.4624	-0.0654	0.002	-529.2969	166.626	-0.4272
	-1.4971	-3.0039	2.2974	-503.9062	-99.4263	-600.4028
	0.3516	-1.2837	0.2104	521.7285	1.5259	558.96
	0.145	0.2793	-1.0366	250.6714	-132.019	-36.6821
	-0.0698	-0.7534	0.8643	-767.5171	286.438	-294.2505
	-1.5391	-2.2783	2.0093	552.3071	135.9253	424.3164
	0.4189	-0.0088	-0.7021	451.7822	-139.8315	99.2432
	0.3857	0.2505	0.2676	-516.1743	175.6592	-41.1987
	-2.041	-2.354	2.3564	-303.2227	-114.0137	-475.708
	0.0693	-0.6919	0.4316	410.5835	-60.8521	305.9692
	-0.1318	0.1045	-0.6978	188.0493	-84.3506	-32.5317
	0.6562	-0.3042	0.8301	-713.0737	426.8188	-79.895
	-2.8628	-2.8564	2.7583	125.6104	-47.5464	-193.1152
	0.2886	-0.3623	0.2505	152.0996	37.7808	286.377
	-0.1675	0.0352	0.3286	-5.8594	-13.916	-28.9307
	0.3032	-0.2764	0.5854	-252.5024	44.9829	-159.9731
	-2.4736	-2.6108	2.2681	-92.5293	-78.064	-133.1787
	0.5063	-0.981	0.2505	521.4233	-56.0913	496.9482
	-0.0049	0.354	-0.9473	160.5225	-81.4209	-25.5127
	0.4766	-0.5542	0.2124	-634.2773	231.8726	-308.8989
	-2.4512	-3.0796	2.4243	-175.7202	-101.8066	-484.1309
	0.1631	-1.1016	0.3608	297.1802	14.4653	527.2827
	0.6299	0.3247	-0.2759	157.4097	8.8501	102.6611
	-0.0488	-0.981	0.7251	-580.9937	278.2593	-499.4507
	-2.394	-2.6084	2.2168	363.8306	6.0425	244.3848
	0.793	-0.1963	-0.5532	445.8008	-82.5806	339.5996
	0.7896	0.1406	-0.1313	-419.4336	84.4727	-136.9629
	-2.6211	-2.6763	2.3418	-169.1895	-59.021	-435.3027
	0.1729	-0.5947	0.897	189.8193	45.8984	415.8325
	0.0469	0.4189	-0.6963	98.5718	-63.7207	-62.6221
	0.0093	-0.7627	1.0562	-514.2212	228.6377	-309.5093
	-2.397	-2.5239	2.2041	248.0469	-39.7949	-33.5083
	0.6631	-0.502	-0.0215	425.6592	-24.7192	495.3003
	0.2095	0.7783	-1.2583	-6.2866	-246.2158	-29.0527
	0.1245	-1.0444	1.0093	-567.0166	328.4302	-485.5957
	-1.9429	-1.7256	1.2817	274.1699	-47.8516	56.7627
	-0.0298	-0.3613	0.5659	25.4517	16.7847	108.8257
	-0.0327	0.0825	0.1699	123.23	-27.2217	122.1924
	0.6274	-0.3042	0.4507	-262.3291	131.2866	-298.3398
	-2.8936	-2.9551	2.1841	161.8652	13.1836	17.7612
	0.3887	-0.8652	0.1353	353.9429	-18.1274	517.8223
	0.5742	0.4165	-0.8662	-27.832	-94.8486	41.687
	-0.0049	-1.1357	0.9966	-581.1157	246.8262	-459.8389
	-1.7842	-1.6509	1.4741	244.5068	-63.7207	37.8418
	0.0723	-0.2642	0.5786	49.6826	8.4839	136.1694
	-0.543	-0.2974	0.6846	14.5264	-30.7617	-46.936
	-0.7266	-0.5396	0.8999	145.4468	-46.2646	-39.856
	-0.5225	-0.3843	0.4551	258.8501	-39.6118	146.1792
	0.6553	0.4111	-0.5288	-243.6523	-7.6904	48.2178
	-0.9609	-2.5874	1.2676	-356.1401	59.5093	-787.8418
	-0.2661	-2.3208	0.2554	467.2241	134.2163	780.2124
	1.0571	0.0269	-0.3208	374.8169	-123.5352	221.6797
	0.251	-0.2637	0.2285	-635.7422	171.5088	-284.3018
	-1.999	-2.6436	1.937	-290.0391	-53.0396	-518.5547
	-0.2529	-0.8569	0.5933	174.4995	31.9214	365.6006
	0.4219	-0.1294	-0.0142	335.3271	-115.2344	4.5776
	-0.355	-0.8647	0.707	-557.0679	196.5332	-249.8779
	-1.9868	-2.4541	1.6328	351.6846	-62.8662	207.8247
	0.3613	-0.4761	-0.0522	358.1543	-59.2651	347.9614
	-0.2061	0.3486	-0.0522	27.832	-17.2729	145.6299
	0.1084	0.5566	0.2148	-161.8652	-0.9766	-5.127
	0.0264	-0.2793	0.9941	-356.5674	159.3628	-242.0654
	-1.2739	-1.2607	1.2041	-63.5986	-104.7363	-342.1021
	-0.5132	-0.9907	1.2261	79.9561	150.0244	21.1182
	-0.8135	-1.0649	0.5679	341.4307	2.9907	-47.1802
	-1.0825	-0.7822	0.5957	178.2227	11.7798	221.1304
	-0.2998	-0.2354	0.2812	99.1211	19.165	302.2461
	0.7354	0.6128	-0.1836	-176.8188	69.5801	124.7559
	0.2212	-0.436	1.1113	-365.3564	154.7852	-397.1558
	-1.7671	-1.4043	1.4775	-42.1143	32.7148	-286.8652
	-0.5103	-0.9209	0.7256	302.5513	39.7339	135.8032
	-0.959	-0.6079	0.2695	268.4937	-36.2549	173.9502
	0.0786	-0.0508	0.0903	64.8193	34.668	359.5581
	1.1768	0.5088	-0.0322	-334.9609	210.7544	-97.3511
	-0.9072	-1.6387	1.2456	-338.1958	160.1562	-515.3198
	-1.2715	-1.3506	1.3389	209.3506	36.2549	47.6685
	-0.354	-0.6196	0.311	216.6138	-20.2026	1.709
	-0.5186	-0.3564	0.4937	-43.2129	68.5425	98.4497
	-0.5171	-0.2476	0.6094	20.1416	-10.8032	-10.0708
	-0.645	-0.2993	0.8789	-43.7622	6.7749	-27.71
	-0.939	-0.5322	0.5967	44.0063	-43.0298	-13.3667
	-0.603	-0.4077	0.9287	-57.6782	22.7051	218.9941
	0.293	0.2764	0.2666	93.2617	-36.3159	135.3149
	0.543	-0.5186	0.7559	-248.7793	241.333	-465.8203
	-2.6479	-2.1567	0.9595	270.2637	36.1938	-142.7002
	-0.2979	-1.3237	0.3306	149.8413	-25.3296	469.0552
	0.1621	-0.1543	0.1343	98.3887	-42.7856	368.4692
	0.6953	0.46	0.291	-279.0527	115.1733	-91.7969
	-0.2515	-1.293	0.8521	-160.3394	55.8472	-586.853
	-2.0361	-2.0024	1.2588	142.395	35.8276	79.5898
	0.2134	-0.4912	0.708	140.0146	41.687	387.2681
	0.5664	0.1074	-0.0161	148.4375	-15.686	-114.8071
	-0.3535	-1.0605	0.8145	-425.5981	75.2563	-427.6123
	-1.6948	-1.8125	1.396	191.1011	-8.8501	3.2959
	-0.312	-1.041	0.249	285.7666	7.2632	413.7573
	0.0137	0.0	-0.1748	93.9331	-96.5576	271.7285
	1.0156	0.4302	0.5039	-364.0747	360.7788	-77.8198
	-1.4336	-1.8257	1.5166	-102.356	-70.6177	-541.8091
	-0.5913	-0.8418	0.6836	120.6055	38.269	225.769
	-0.1411	-0.3662	0.8301	35.4004	22.644	-17.5171
	-0.5005	-0.502	0.7114	36.7432	21.2402	-82.0312
	-0.8052	-0.7119	0.7002	10.8643	-6.8359	-42.7246
	-0.96	-0.8267	0.9424	-57.1289	25.2075	174.8047
	-0.3862	-0.7388	0.7427	164.1235	-89.3555	394.4702
	1.0171	0.5825	0.0933	13.855	119.9341	122.3755
	0.1724	-1.1606	0.5303	-363.3423	12.8784	-704.1016
	-2.772	-2.8247	2.1406	204.1016	-64.5752	170.4102
	0.7222	-0.4341	-0.0508	282.8369	1.4648	513.6108
	1.4233	0.4395	0.0396	-109.1919	136.2305	-192.627
	-1.5386	-3.3452	1.0801	-618.7744	-15.625	-879.0894
	-0.0884	-1.896	0.5586	447.2656	57.0679	644.9585
	1.0137	0.2803	-0.6187	280.7617	9.7656	174.1943
	0.0801	-0.8462	0.4604	-483.8257	85.8765	-564.3921
	-1.8213	-2.7666	1.5879	661.438	-65.2466	483.1543
	1.04	0.2783	0.0771	135.376	275.5737	280.0903
	-0.0093	-0.5078	0.1309	-300.293	-67.4438	-476.0742
	-2.1235	-1.9258	1.7783	134.4604	-14.7705	19.5923
	0.2197	-0.1582	0.3408	95.2759	33.4473	215.7593
	-0.5962	-0.3623	0.6851	-17.7002	-39.6729	-141.1743
	-0.6938	-0.4546	0.8667	27.0386	2.1362	62.0728
	-0.3574	-0.2427	0.7227	-4.8828	11.1694	2.5024
	-0.6792	-0.436	0.7549	2.0142	-8.9111	-30.2124
	-0.5718	-0.3936	0.8237	-2.8687	9.6436	29.541
	-1.0337	-0.6245	1.0776	62.3169	-71.5332	8.667
	-0.1909	-0.1802	0.3677	275.3296	-90.6372	376.4038
	1.6191	0.3809	0.0576	-229.3701	315.0024	-202.3315
	-3.2686	-2.5522	3.0327	76.4771	-114.1357	-227.7222
	1.1157	0.813	-0.6948	217.1021	198.7915	310.0586
	-0.792	-0.8403	1.0132	-360.0464	-52.002	-411.6211
	-0.5366	-0.3887	0.8652	101.8677	18.3105	130.8594
	-0.2437	0.0439	0.8804	58.6548	2.4414	35.1562
	-0.6504	-0.0767	0.6318	55.9082	-13.916	-59.4482
	-0.6465	-0.0884	0.6138	-36.1938	11.5356	-37.7197
	-0.7031	-0.2949	0.8823	-21.3013	-11.2915	-40.0391
	-0.4331	-0.0542	0.7495	-7.2021	9.0942	77.3315
	-0.353	-0.0845	0.7461	-18.1274	-26.6113	-40.1611
	-0.6963	-0.4907	1.2441	-5.5542	23.8037	-41.5039
	-0.7754	-0.375	0.7793	95.0928	-26.3062	83.5571
	-1.1406	-1.082	1.5054	266.6016	-237.793	371.0938
	2.2095	0.998	-0.6851	-54.7485	162.5977	-62.1338
	-1.939	-1.2373	2.7539	11.5356	-152.2217	-119.873
	0.8184	0.7451	0.4141	-395.6909	199.1577	-38.0249
	-0.4507	-0.3501	0.6826	683.8379	-20.3247	365.0513
	0.3311	-0.5693	0.71	-857.9102	-71.4722	-602.1118
	-0.2319	-1.0654	0.9307	555.9082	130.0049	585.6934
	1.4004	0.8394	-0.543	220.0317	-120.8496	41.748
	0.6641	0.6914	-1.0566	61.1572	-29.2969	-75.9888
	0.3018	-0.2993	0.4785	-698.6694	160.4004	-131.0425
	-0.4927	-1.8257	2.4409	-297.3633	136.4746	-254.6387
	-0.4541	-1.228	0.8101	441.5894	25.3906	285.7666
	1.1787	0.4102	-0.1885	199.2798	160.4614	369.3237
	1.2715	0.373	-0.7451	-20.813	-175.2319	-274.5972
	-0.1152	-0.6572	0.7783	-584.7168	98.6938	-242.1265
	-1.5151	-2.3188	2.606	-71.106	22.1558	-29.6631
	-0.0615	-0.3711	0.3574	378.1128	-79.9561	216.0034
	0.9282	0.3169	0.0869	183.7158	81.543	302.6123
